data/Strathclyde_European_Shelf_Data/OrbitalVelMean.asc
NCOLS 200
NROWS 150
XLLCORNER -16
YLLCORNER 44
CELLSIZE 0.125
NODATA_VALUE -99.9
[rows 0 to 24 of 150, columns 56 to 111 of 200]
-99.9 -99.9 -99.9 -99.9 -99.9 -99.9 -99.9 -99.9 0.000911054143216461 0.00095409870846197 0.0010319440625608 0.00115514232311398 0.00142246286850423 0.00195301731582731 0.00241974671371281 0.00266324379481375 0.00292343157343566 0.00319956406019628 0.00378409889526665 0.00488692242652178 0.00465521309524775 0.00330772739835083 0.00248438003472984 0.00194635707885027 0.00143444049172103 0.00100476609077305 0.000765317236073315 -99.9 -99.9 -99.9 -99.9 -99.9 -99.9 -99.9 -99.9 -99.9 -99.9 -99.9 -99.9 -99.9 -99.9 -99.9 -99.9 -99.9 -99.9 -99.9 -99.9 -99.9 -99.9 -99.9 -99.9 -99.9 -99.9 -99.9 -99.9 -99.9
-99.9 -99.9 -99.9 0.000843281042762101 0.00100557191763073 0.00126578065101057 0.00190230214502662 0.00359123689122498 0.0053043095394969 0.00573052372783422 0.00656549353152514 0.00802511069923639 0.0103219673037529 0.0140819009393454 0.0167466830462217 0.0170607473701239 0.0168295260518789 0.0160657521337271 0.0172415785491467 0.0209890995174646 0.0220737718045712 0.0201036967337132 0.0150812994688749 0.00951364543288946 0.0067026587203145 0.00518038682639599 0.00408528372645378 0.00328073860146105 0.002194092143327 0.00126915040891618 0.000744427496101707 -99.9 -99.9 -99.9 -99.9 -99.9 -99.9 -99.9 -99.9 -99.9 -99.9 -99.9 -99.9 -99.9 -99.9 -99.9 -99.9 -99.9 -99.9 -99.9 -99.9 -99.9 -99.9 -99.9 -99.9 -99.9
-99.9 0.000859408115502447 0.00115073681809008 0.00154606834985316 0.00209141452796757 0.0028551290743053 0.00501986127346754 0.0125489430502057 0.0222284682095051 0.024212034419179 0.0282717179507017 0.0356806181371212 0.0473366193473339 0.066634826362133 0.0747499316930771 0.0636487007141113 0.0610657595098019 0.0665657371282578 0.0660209134221077 0.059892300516367 0.0675374493002892 0.0919755920767784 0.0731296390295029 0.0379028394818306 0.0240833852440119 0.0179435480386019 0.0132109969854355 0.0096379229798913 0.006792685482651 0.00465936260297894 0.00292330794036388 0.0017171495128423 0.00113259302452207 0.000820826564449817 0.000687628635205328 -99.9 -99.9 -99.9 -99.9 -99.9 -99.9 -99.9 -99.9 -99.9 -99.9 -99.9 -99.9 -99.9 -99.9 -99.9 -99.9 -99.9 -99.9 -99.9 -99.9 -99.9
0.00103635364212096 0.00174948794301599 0.00307155470363796 0.0056514386087656 0.00909154769033194 0.0122657511383295 0.0181195009499788 0.0300836525857449 0.0404157862067223 0.0419515855610371 0.045350793749094 0.0512217320501804 0.0662627294659615 0.100949712097645 -99.9 -99.9 -99.9 -99.9 -99.9 -99.9 -99.9 -99.9 0.166485980153084 0.082990862429142 0.0446234233677387 0.0252095777541399 0.0149764213711023 0.00927354581654072 0.00844023935496807 0.011045060120523 0.00995335821062326 0.00631379196420312 0.00400804402306676 0.00255377730354667 0.00199328595772386 0.00185584463179111 0.00159199698828161 0.00126755423843861 0.000973894027993083 0.000725605874322355 -99.9 -99.9 -99.9 -99.9 -99.9 -99.9 -99.9 -99.9 -99.9 -99.9 -99.9 -99.9 -99.9 -99.9 -99.9 -99.9
0.00125198299065232 0.00233984412625432 0.00481152907013893 0.0112258028239012 0.0210600085556507 0.0289326608181 0.0375985018908978 0.0458390563726425 0.0513455308973789 0.0523518063127995 0.0547542348504066 0.0588419660925865 0.0746500566601753 0.115680836141109 -99.9 -99.9 -99.9 -99.9 -99.9 -99.9 -99.9 0.251245409250259 0.172629147768021 0.092185765504837 0.045823585242033 0.0217018481343985 0.0126803899183869 0.00868941564112902 0.00906098634004593 0.0144623722881079 0.0163206830620766 0.0127750523388386 0.0089171277359128 0.00567526696249843 0.00417178077623248 0.0034640918020159 0.0028473490383476 0.00232017715461552 0.00167128094471991 0.00108639663085341 0.00071763270534575 0.000481529714306816 0.00031981326173991 -99.9 -99.9 -99.9 -99.9 -99.9 -99.9 -99.9 -99.9 -99.9 -99.9 -99.9 -99.9 -99.9
0.00110233994200826 0.00192078377585858 0.00384932314045727 0.00933599378913641 0.0183567553758621 0.0265012867748737 0.0344079695641994 0.0394635312259197 0.0431769676506519 0.0448520518839359 0.0479247234761715 0.052794698625803 0.0661547258496284 -99.9 -99.9 -99.9 -99.9 -99.9 -99.9 0.282020479440689 0.185687631368637 0.115400679409504 0.0755944773554802 0.0475480109453201 0.0249021165072918 0.0115483896806836 0.00808743387460709 0.00792491063475609 0.00828616600483656 0.00925226882100105 0.00999078061431646 0.0104225631803274 0.0093138488009572 0.00720598362386227 0.0051832739263773 0.00351432734169066 0.00248597352765501 0.00182370748370886 0.00115295662544668 0.000650471192784607 -99.9 -99.9 -99.9 -99.9 -99.9 -99.9 -99.9 -99.9 -99.9 -99.9 -99.9 -99.9 -99.9 -99.9 -99.9 -99.9
-99.9 0.000786199409049004 0.00141495955176651 0.00374925602227449 0.00914204306900501 0.0189937446266413 0.0298555139452219 0.0324944742023945 0.0322859734296799 0.0291774850338697 0.0308549683541059 0.0386539101600647 0.0502197928726673 0.0681173503398895 0.0904553830623627 0.116926409304142 -99.9 -99.9 0.286642581224442 0.204557120800018 0.135390043258667 0.0749837830662727 0.0426113158464432 0.0244690366089344 0.0134979346767068 0.00727575086057186 0.0062693408690393 0.00827826373279095 0.00927321519702673 0.00873958133161068 0.00868405029177666 0.00909041799604893 0.00866711512207985 0.00755245937034488 0.00493278540670872 0.00257194484584033 0.00142062606755644 -99.9 -99.9 -99.9 -99.9 -99.9 -99.9 -99.9 -99.9 -99.9 -99.9 -99.9 -99.9 -99.9 -99.9 -99.9 -99.9 -99.9 -99.9 -99.9
-99.9 -99.9 -99.9 0.000976688112132251 0.00311020715162158 0.0110829016193748 0.0246125087141991 0.0257007572799921 0.0219092424958944 0.0153923546895385 0.0157650168985128 0.0240348130464554 0.0336566716432571 0.0422969907522202 0.0560291036963463 0.0790799781680107 0.124345615506172 -99.9 -99.9 0.147019669413567 0.0893061012029648 0.0574938543140888 0.0297255963087082 0.0131797827780247 0.00763156544417143 0.00539923552423716 0.00586230587214231 0.00992568302899599 0.0127855036407709 0.0120835760608315 0.0105287553742528 0.00851365923881531 0.00726544624194503 0.00651282351464033 0.00364446127787232 0.00145268905907869 -99.9 -99.9 -99.9 -99.9 -99.9 -99.9 -99.9 -99.9 -99.9 -99.9 -99.9 -99.9 -99.9 -99.9 -99.9 -99.9 -99.9 -99.9 -99.9 -99.9
-99.9 -99.9 -99.9 -99.9 -99.9 0.00272741727530956 0.00684411963447928 0.0123146483674645 0.0150790112093091 0.011866295710206 0.0118567468598485 0.01517035625875 0.0199641305953264 0.0271395593881607 0.0420084334909916 0.07695372402668 -99.9 0.294234782457352 0.313130378723145 0.151909276843071 0.0730695873498917 0.0316905900835991 0.0166021846234798 0.00992800667881966 0.00697881961241364 0.00560366548597813 0.00642323214560747 0.0107788145542145 0.0127960378304124 0.0104321427643299 0.00808616634458303 0.00600316794589162 0.00462965993210673 0.00369196571409702 0.00179430074058473 0.00062967580743134 -99.9 -99.9 -99.9 -99.9 -99.9 -99.9 -99.9 -99.9 -99.9 -99.9 -99.9 -99.9 -99.9 -99.9 -99.9 -99.9 -99.9 -99.9 -99.9 -99.9
-99.9 -99.9 -99.9 -99.9 -99.9 -99.9 0.00114012975245714 0.00427074450999498 0.0105182146653533 0.0125881312415004 0.012276110239327 0.0097230477258563 0.010901746340096 0.0179080590605736 0.0367359556257725 0.104799918830395 -99.9 -99.9 0.306589365005493 0.220821171998978 0.0710903108119965 0.014151344075799 0.00805731490254402 0.00976618938148022 0.00973786693066359 0.00798416789621115 0.00821397267282009 0.0106278778985143 0.00949008762836456 0.00598482182249427 0.00427951803430915 0.0034003930632025 0.00241922284476459 0.0015728916041553 0.000688736967276782 -99.9 -99.9 -99.9 -99.9 -99.9 -99.9 -99.9 -99.9 -99.9 -99.9 -99.9 -99.9 -99.9 -99.9 -99.9 -99.9 -99.9 -99.9 -99.9 -99.9 -99.9
0.000665439642034471 0.000749083119444549 0.000605121196713299 -99.9 -99.9 -99.9 -99.9 -99.9 -99.9 0.00240645953454077 0.00231860973872244 0.00197089486755431 0.00286030629649758 0.00817639101296663 0.0236423164606094 0.0658807009458542 0.109927728772163 -99.9 -99.9 0.128620073199272 0.0490849353373051 0.00939695630222559 0.00582339614629745 0.00875919125974178 0.010102828964591 0.00873836502432823 0.0086204931139946 0.00968610215932131 0.00763597572222352 0.00440847780555487 0.00279944855719805 0.00192026211880147 0.00115037825889885 0.000624962383881211 -99.9 -99.9 -99.9 -99.9 -99.9 -99.9 -99.9 -99.9 -99.9 -99.9 -99.9 -99.9 -99.9 -99.9 -99.9 -99.9 -99.9 -99.9 -99.9 -99.9 -99.9 -99.9
0.00236998335458338 0.00286862510256469 0.00302074803039432 0.00275562610477209 0.00236141704954207 0.00190116988960654 -99.9 -99.9 -99.9 -99.9 -99.9 -99.9 0.000563440728001297 0.00300922687165439 0.0121355475857854 0.0236117541790009 0.0355875007808208 0.0396163836121559 0.0451501570641994 0.0496195144951344 0.0262887179851532 0.00837898161262274 0.00573003850877285 0.00725232856348157 0.00792242214083672 0.00739797716960311 0.00749334460124373 0.00823646690696478 0.00658211065456271 0.00396505370736122 0.00215339078567922 0.00109303533099592 0.00113165541552007 -99.9 -99.9 -99.9 -99.9 -99.9 -99.9 -99.9 -99.9 -99.9 -99.9 -99.9 -99.9 -99.9 -99.9 -99.9 -99.9 -99.9 -99.9 -99.9 -99.9 -99.9 -99.9 -99.9
0.00750288600102067 0.0100640207529068 0.0130625804886222 0.0163119826465845 0.013738258741796 0.00803763419389725 0.00274082110263407 0.000704341975506395 -99.9 -99.9 -99.9 -99.9 -99.9 0.000780378933995962 0.00279569695703685 0.00763258431106806 0.016900546848774 0.0264943968504667 0.0333164222538471 0.0325115397572517 0.0199945643544197 0.00860181916505098 0.0060910084284842 0.00652210041880608 0.00646373676136136 0.00591392908245325 0.0058085541240871 0.00612043077126145 0.0074956133030355 0.00547150103375316 0.00120104348752648 -99.9 -99.9 -99.9 -99.9 -99.9 -99.9 -99.9 -99.9 -99.9 -99.9 -99.9 -99.9 -99.9 -99.9 -99.9 -99.9 -99.9 -99.9 -99.9 -99.9 -99.9 -99.9 -99.9 -99.9 -99.9
0.0177936460822821 0.0270906966179609 0.0355121530592442 0.0391127392649651 0.0357118099927902 0.0272205453366041 0.0151298008859158 0.00667908880859613 0.00162813754286617 0.000318149628583342 -99.9 -99.9 -99.9 -99.9 0.000490215665195137 0.00244380533695221 0.00888164527714252 0.0155911687761545 0.0229200813919306 0.0269782207906246 0.0200861170887947 0.0100674228742719 0.00696713011711836 0.00630524847656488 0.00461111543700099 0.00379396975040436 0.00321079720743001 0.00313784787431359 0.00345882447436452 0.0019222047412768 -99.9 -99.9 -99.9 -99.9 -99.9 -99.9 -99.9 -99.9 -99.9 -99.9 -99.9 -99.9 -99.9 -99.9 -99.9 -99.9 -99.9 -99.9 -99.9 -99.9 -99.9 -99.9 -99.9 0.000397833617171273 0.000662275997456163 0.00100032042246312
0.0317126289010048 0.0496473014354706 0.0559350810945034 0.0443293154239655 0.0264785885810852 0.0127976750954986 0.00700272154062986 0.00420381827279925 0.00125404191203415 -99.9 -99.9 -99.9 -99.9 -99.9 -99.9 0.000993961468338966 0.00404095044359565 0.00930386316031218 0.0212651025503874 0.0201172884553671 0.0258268527686596 0.0309318788349628 0.0129700675606728 0.0071750613860786 0.00435534259304404 0.00266809901222587 0.00250047608278692 0.00214200280606747 0.000832019140943885 -99.9 -99.9 -99.9 -99.9 -99.9 -99.9 -99.9 -99.9 -99.9 -99.9 -99.9 -99.9 -99.9 -99.9 -99.9 -99.9 -99.9 -99.9 -99.9 -99.9 -99.9 0.000506940588820726 0.000807505392003804 0.00136084703262895 0.00230448786169291 0.00355485640466213 0.016499686986208
0.0382077619433403 0.0533961057662964 0.0441169217228889 0.022647138684988 0.0066714477725327 0.0015273509779945 0.000576680351514369 -99.9 -99.9 -99.9 -99.9 -99.9 -99.9 -99.9 -99.9 0.00103641953319311 0.00779079552739859 0.0122556164860725 0.0141002526506782 0.0188134331256151 0.0183754879981279 0.019885977730155 0.0123490020632744 0.00186688790563494 0.000909268215764314 0.000771888240706176 -99.9 -99.9 -99.9 -99.9 -99.9 -99.9 -99.9 -99.9 -99.9 -99.9 -99.9 -99.9 -99.9 -99.9 -99.9 -99.9 -99.9 -99.9 -99.9 -99.9 -99.9 0.000455072295153514 0.000733624096028507 0.00131647754460573 0.00287141697481275 0.00716289691627026 0.0218757782131433 0.0328535884618759 0.0343120880424976 0.0436591058969498
0.0258444156497717 0.0266146529465914 0.0152955576777458 0.00569238048046827 -99.9 -99.9 -99.9 -99.9 -99.9 -99.9 -99.9 -99.9 -99.9 -99.9 -99.9 -99.9 0.00182902859523892 0.00746981194242835 0.0109671801328659 0.0090648727491498 0.0115058831870556 0.010530848056078 0.00407048827037215 0.000867527502123266 -99.9 -99.9 -99.9 -99.9 -99.9 -99.9 -99.9 -99.9 -99.9 -99.9 -99.9 -99.9 -99.9 -99.9 -99.9 -99.9 -99.9 -99.9 -99.9 -99.9 -99.9 0.000500668014865369 0.000804738258011639 0.0016706584719941 0.00508538912981749 0.0113710463047028 0.0175121407955885 0.0285442098975182 0.0335405915975571 0.0248622447252274 0.0262990370392799 0.0342642851173878
0.0109362462535501 0.00782073196023703 0.00338110094889998 -99.9 -99.9 -99.9 -99.9 -99.9 -99.9 -99.9 -99.9 -99.9 -99.9 -99.9 -99.9 -99.9 -99.9 0.00145711388904601 0.004253632389009 0.00644986238330603 0.00757640693336725 0.00489559536799788 0.00251532252877951 0.00116049661301076 0.000532850681338459 -99.9 -99.9 -99.9 -99.9 -99.9 -99.9 -99.9 -99.9 -99.9 -99.9 -99.9 -99.9 -99.9 -99.9 -99.9 -99.9 -99.9 -99.9 0.000655717623885721 0.00101075787097216 0.00167398736812174 0.0037198003847152 0.0084396293386817 0.0119423558935523 0.0173489581793547 0.0297296848148108 0.0293832309544086 0.0280645545572042 0.0226833093911409 0.0227783601731062 0.0294921230524778
0.00127016543410718 0.00116945046465844 0.0013759481953457 -99.9 -99.9 -99.9 -99.9 -99.9 -99.9 -99.9 -99.9 -99.9 -99.9 -99.9 -99.9 -99.9 -99.9 -99.9 -99.9 -99.9 0.00291771604679525 0.00301380059681833 0.00258513912558556 0.00126640067901462 0.0006169697153382 -99.9 -99.9 -99.9 -99.9 -99.9 -99.9 -99.9 -99.9 -99.9 -99.9 -99.9 -99.9 -99.9 -99.9 0.000583520508371294 0.000827452808152884 0.000948469794820994 0.00132783118169755 0.00244709220714867 0.0047292560338974 0.00821314938366413 0.00977317430078983 0.0145852714776993 0.0164642576128244 0.0245347712188959 0.0199139043688774 0.0223519150167704 0.0331860072910786 0.0228461753576994 0.027145754545927 0.0479345545172691
-99.9 -99.9 -99.9 -99.9 -99.9 -99.9 -99.9 -99.9 -99.9 -99.9 -99.9 -99.9 -99.9 -99.9 -99.9 -99.9 -99.9 -99.9 -99.9 -99.9 -99.9 -99.9 -99.9 -99.9 -99.9 -99.9 -99.9 -99.9 -99.9 -99.9 -99.9 -99.9 -99.9 -99.9 -99.9 -99.9 -99.9 0.000663903658278286 0.00140110356733203 0.00247120228596032 0.00508795212954283 0.0100531782954931 0.0210283100605011 0.0300050731748343 0.0362896583974361 0.0169447176158428 0.0200866423547268 0.0177250262349844 0.015195126645267 0.0147245386615396 0.0144853284582496 0.0317547582089901 0.0426208451390266 0.0362628623843193 0.032074011862278 0.0580777451395988
-99.9 -99.9 -99.9 -99.9 -99.9 -99.9 -99.9 -99.9 -99.9 -99.9 -99.9 -99.9 -99.9 -99.9 -99.9 -99.9 -99.9 -99.9 -99.9 -99.9 -99.9 -99.9 -99.9 -99.9 -99.9 -99.9 -99.9 -99.9 -99.9 -99.9 -99.9 -99.9 -99.9 -99.9 -99.9 0.00083355704555288 0.00204346724785864 0.00831597764045 0.0182513818144798 0.0195694398134947 0.0260029118508101 0.0240070763975382 0.0286879576742649 0.0328405052423477 0.0323387905955315 0.0347107574343681 0.0256089568138123 0.0108193308115005 0.014902900904417 0.0274382960051298 0.0490169636905193 0.0542818978428841 0.051459476351738 0.0374030061066151 0.0490231923758984 0.0775921121239662
-99.9 -99.9 -99.9 -99.9 -99.9 -99.9 -99.9 -99.9 -99.9 -99.9 -99.9 -99.9 -99.9 0.000823949347250164 0.000803123984951526 -99.9 -99.9 -99.9 -99.9 -99.9 -99.9 -99.9 -99.9 -99.9 -99.9 -99.9 -99.9 -99.9 -99.9 -99.9 -99.9 -99.9 0.000550498545635492 0.00115897378418595 0.00458603072911501 0.0174148082733154 0.0210362710058689 0.0248066261410713 0.0228086076676846 0.0245285108685493 0.0303841475397348 0.0365753918886185 0.0341803655028343 0.0303641352802515 0.0393780842423439 0.0201431643217802 0.0119886202737689 0.0308913495391607 0.0496145859360695 0.0807507932186127 0.0747485756874084 0.0501668453216553 0.0448262505233288 0.0467451699078083 0.0528394132852554 0.0612746700644493
-99.9 -99.9 -99.9 -99.9 -99.9 -99.9 -99.9 -99.9 -99.9 -99.9 -99.9 -99.9 -99.9 -99.9 -99.9 -99.9 -99.9 -99.9 -99.9 0.00279921037144959 0.00153646233957261 -99.9 -99.9 -99.9 -99.9 -99.9 -99.9 -99.9 -99.9 -99.9 0.00122250209096819 0.0037989120464772 0.0136604513972998 0.0288107581436634 0.037954468280077 0.0329651348292828 0.0316880904138088 0.0294803362339735 0.0448577366769314 0.0291075836867094 0.0237034857273102 0.025566641241312 0.0321559682488441 0.0331979319453239 0.0221392903476954 0.0216690376400948 0.0554605610668659 0.0769628137350082 0.0696376860141754 0.0656948760151863 0.0537449866533279 0.0608941093087196 0.053977619856596 0.0408839918673038 0.0553719103336334 0.0532457083463669
-99.9 -99.9 -99.9 -99.9 -99.9 -99.9 -99.9 -99.9 -99.9 -99.9 -99.9 -99.9 -99.9 -99.9 -99.9 -99.9 -99.9 -99.9 -99.9 -99.9 0.00114535563625395 0.000697391224093735 0.000927768123801798 0.000991183682344854 0.000743358163163066 -99.9 -99.9 0.000830329663585871 0.00207011052407324 0.00845722761005163 0.0185001604259014 0.0223644059151411 0.0268171839416027 0.0323941707611084 0.0446029976010323 0.0391643457114697 0.0409810207784176 0.0543511994183064 0.0404074564576149 0.040839210152626 0.0426050499081612 0.0337828695774078 0.0313142947852612 0.0391755998134613 0.0497496239840984 0.082650363445282 0.0793667137622833 0.0868896842002869 0.0780377835035324 0.0716511458158493 0.071774534881115 0.0658366531133652 0.0617064647376537 0.0541836023330688 0.050749521702528 0.0385320857167244
-99.9 -99.9 -99.9 -99.9 -99.9 -99.9 -99.9 -99.9 -99.9 -99.9 -99.9 -99.9 -99.9 -99.9 -99.9 -99.9 -99.9 -99.9 -99.9 0.00234770029783249 0.00410330714657903 0.00615125708281994 0.0103294225409627 0.00885389372706413 0.00947101134806871 0.0202951338142157 0.0328040085732937 0.0330686122179031 0.0333389416337013 0.0304258912801743 0.0338972061872482 0.0385373681783676 0.0432155169546604 0.0436401776969433 0.0538855455815792 0.061040822416544 0.0511240772902966 0.0675750449299812 0.0726308673620224 0.0548720993101597 0.0458641834557056 0.0273623019456863 0.0384272485971451 0.0899873226881027 0.0297649037092924 0.0964972823858261 0.094491183757782 0.0706035271286964 0.0689476281404495 0.0643961057066917 0.0702833160758018 0.0536661706864834 0.0546204075217247 0.0466032698750496 0.0433838628232479 0.0294037107378244
