data/Strathclyde_European_Shelf_Data/OrbitalVelMean.asc
NCOLS 200
NROWS 150
XLLCORNER -16
YLLCORNER 44
CELLSIZE 0.125
NODATA_VALUE -99.9
[rows 100 to 124 of 150, columns 56 to 111 of 200]
0.0296970289200544 0.0293156020343304 0.0458823814988136 0.0333562344312668 0.0335181318223476 0.0298052486032248 0.03099699690938 0.0379280038177967 0.0537572912871838 0.0624230206012726 0.0465359278023243 0.0431225784122944 0.037752091884613 0.0370343066751957 0.035641998052597 0.0370141752064228 0.0370080322027206 0.0392533466219902 0.040876742452383 0.0453289113938808 0.0483716577291489 0.0528572909533978 0.0603399649262428 0.0673442110419273 0.0923890918493271 0.124709337949753 -99.9 -99.9 -99.9 -99.9 -99.9 -99.9 -99.9 0.0877959951758385 0.063634991645813 0.0602296888828278 0.06193633005023 0.0569885186851025 0.0602296888828278 0.0585812367498875 0.0659333914518356 0.0563650615513325 0.0493988357484341 0.0372479595243931 0.0421300940215588 0.0408390313386917 0.0395964309573174 0.0395964309573174 0.0421300940215588 0.0395964309573174 0.0395964309573174 0.0372479595243931 0.0408390313386917 0.0343608856201172 0.0282975565642118 0.0282975565642118
0.0269538816064596 0.036124013364315 0.0494463965296745 0.0462400950491428 0.02836549654603 0.0321362838149071 0.031207675114274 0.0433748662471771 0.0405621975660324 0.0359270796179771 0.0387278646230698 0.0386848784983158 0.0352178700268269 0.0364899262785912 0.0364394001662731 0.0363912172615528 0.0356575399637222 0.0377359092235565 0.043340053409338 0.0461080744862556 0.0571100376546383 0.0560410767793655 0.0639889761805534 0.0665207952260971 0.0743181556463242 0.0775108113884926 -99.9 -99.9 0.244280904531479 -99.9 -99.9 -99.9 0.0562193840742111 0.0475179888308048 0.0445499308407307 0.0439760312438011 0.0411054901778698 0.0404637940227985 0.0408838018774986 0.0413177460432053 0.0406643450260162 0.0332905389368534 0.0317800305783749 0.0360481180250645 0.034383624792099 0.0337635092437267 0.0331489741802216 0.0340375490486622 0.0340375490486622 0.0350684970617294 0.0361380465328693 0.0350684970617294 0.0320848636329174 0.0301440227776766 0.0229647755622864 0.0273111648857594
0.0268634594976902 0.0378877893090248 0.0285034403204918 0.0296288225799799 0.0324430540204048 0.0289559755474329 0.0334103219211102 0.0661140009760857 0.0592094361782074 0.0352704003453255 0.031229680404067 0.0352935530245304 0.0333653315901756 0.0345320887863636 0.0364450998604298 0.0357204787433147 0.0363531596958637 0.0384684987366199 0.0407766401767731 0.046020045876503 0.0693790093064308 1.26642763614655 0.0666521042585373 0.0693358033895493 0.0720653012394905 0.0697439387440681 0.0598087906837463 0.0620796605944633 0.0678815990686417 0.0808331519365311 0.0666327252984047 0.044087253510952 0.0403636693954468 0.0378119722008705 0.038115032017231 0.0367298908531666 0.0373384431004524 0.0370239317417145 0.0376797132194042 0.0363977216184139 0.0351365134119987 0.0357753746211529 0.0354658290743828 0.0351569503545761 0.0358552038669586 0.0326211713254452 0.0332531109452248 0.0321879237890244 0.0330435335636139 0.0330435335636139 0.0340375490486622 0.0350684970617294 0.0330435335636139 0.0273917708545923 0.0176301654428244 0.018808176741004
0.0298441890627146 0.0271774381399155 0.0397702232003212 0.0348045565187931 0.0267121233046055 0.0273038726300001 0.0288725942373276 0.0614659190177917 0.035363145172596 0.0288817472755909 0.0310168508440256 0.0332354828715324 0.0320311784744263 0.0350143276154995 0.0349912382662296 0.0337024107575417 0.0362873487174511 0.0391639992594719 0.0449767522513866 0.0469133779406548 0.0500140488147736 0.0501507110893726 0.0490525625646114 0.0507527403533459 0.050179697573185 0.0485225915908813 0.0479422993957996 0.0452887117862701 0.0457283183932304 0.0441235154867172 0.0406434163451195 0.0365654192864895 0.0385708771646023 0.0388963893055916 0.0383526422083378 0.0369873754680157 0.0365725569427013 0.0379794426262379 0.0365996472537518 0.0361589528620243 0.0366653054952621 0.0352779440581799 0.0348375290632248 0.0343971662223339 0.0330314263701439 0.0344754494726658 0.0330749452114105 0.0316110290586948 0.0330435335636139 0.0311600379645824 0.0320848636329174 0.0051697283051908 0.0110133420675993 0.0195980668067932 0.0237623564898968 0.02459398470819
0.0380922891199589 0.0312414690852165 0.0279748123139143 0.0276742167770863 0.0282993838191032 0.0279959086328745 0.0291236452758312 0.0342058427631855 0.0310387536883354 0.0323388688266277 0.0308100562542677 0.0307995211333036 0.0348539315164089 0.0330274738371372 0.0342440530657768 0.0318494774401188 0.0429801568388939 0.0391108505427837 0.0399305634200573 0.0424188375473022 0.0400691479444504 0.0393596701323986 0.0392961464822292 0.0405509732663631 0.0409009270370007 0.0412615649402142 0.0425359569489956 0.0420443192124367 0.040658924728632 0.0401660166680813 0.0396721251308918 0.0400680340826511 0.0404861196875572 0.0381836593151093 0.038606196641922 0.0355565100908279 0.0367537513375282 0.0361906662583351 0.0356275625526905 0.0350644998252392 0.0345013253390789 0.0348238982260227 0.034259382635355 0.0336943827569485 0.0331291444599628 0.0334741361439228 0.0319969691336155 0.0310553666204214 0.0121028879657388 0.0228583682328463 0.0205249954015017 0.0330435335636139 0.0771840810775757 0.0905908644199371 0.0643449425697327 0.0643449425697327
0.0278458371758461 0.0304190572351217 0.0259722322225571 0.0269867051392794 0.0250219516456127 0.0282317474484444 0.0330915972590446 0.035731103271246 0.0247802846133709 0.0289595946669579 0.0384763963520527 0.0295968987047672 0.0311848390847445 0.0311999823898077 0.0335288010537624 0.0301451403647661 0.0330005064606667 0.0369177609682083 0.0363026820123196 0.0363738685846329 0.0357619859278202 0.0372347496449947 0.0372199080884457 0.0376913659274578 0.0365656912326813 0.0368923135101795 0.0380024611949921 0.0375949516892433 0.0379725880920887 0.0375630185008049 0.0371525511145592 0.0367410257458687 0.0379590913653374 0.0359140187501907 0.0363265164196491 0.0350695438683033 0.0344797223806381 0.0346075668931007 0.034751620143652 0.0340759493410587 0.033400721848011 0.0327259227633476 0.0346047915518284 0.0330442972481251 0.0284075513482094 0.0173362176865339 0.0285779498517513 0.0309737455099821 0.0324886776506901 0.0334132947027683 0.0374530963599682 0.0521553866565228 0.0555620528757572 0.0562185421586037 0.0616319999098778 0.0842550247907639
0.034781951457262 0.0251906830817461 0.0241523664444685 0.0250812936574221 0.0269244741648436 0.0284702591598034 0.0351444147527218 0.0288528520613909 0.028092360123992 0.0366094000637531 0.028901556506753 0.0299589671194553 0.0310512594878674 0.031646903604269 0.0322659686207771 0.0317558944225311 0.0341926515102386 0.0362175479531288 0.0363209806382656 0.035753071308136 0.0358569398522377 0.0366523638367653 0.0353224873542786 0.0358210802078247 0.0362039506435394 0.0358751453459263 0.0355456359684467 0.0352154932916164 0.0348846055567265 0.0338566899299622 0.0342199914157391 0.034599281847477 0.0342640019953251 0.0339272245764732 0.0350882448256016 0.0331607721745968 0.0332271605730057 0.0347424745559692 0.0339613147079945 0.0356245748698711 0.0331881120800972 0.0308720916509628 0.0121337994933128 0.0341447368264198 0.0342234373092651 0.0316790342330933 0.0317228212952614 0.0312997028231621 0.0375887900590897 0.0457910895347595 0.361375719308853 -99.9 0.146750226616859 0.116271443665028 0.0527341552078724 0.106782421469688
0.0394559688866138 0.146865323185921 0.0367797091603279 0.0209292788058519 0.0271458216011524 0.0296805202960968 0.0289126001298428 0.0239226967096329 0.0293270628899336 0.0396694242954254 0.0302252192050219 0.0298120081424713 0.0320118740200996 0.0299452804028988 0.0310790613293648 0.0322804190218449 0.0381058230996132 0.0330627337098122 0.0337769761681557 0.0338933169841766 0.0359545908868313 0.0335109978914261 0.0361950844526291 0.0347582846879959 0.0338712856173515 0.0336143895983696 0.0353532619774342 0.0350967273116112 0.0348393321037292 0.0338976345956326 0.0343212485313416 0.0340602584183216 0.0337978526949883 0.0364557281136513 0.0369856767356396 0.035002700984478 0.036576546728611 0.0390508510172367 0.0347841531038284 0.0354993343353271 0.0337855257093906 0.0306292343884706 0.0327850691974163 0.0318842083215714 0.0343203321099281 0.0371384881436825 0.0371775664389133 0.0383006520569324 0.040857445448637 0.040857445448637 0.0444904454052448 0.040857445448637 0.0581414550542831 0.0593514665961266 0.0831214413046837 0.125034242868423
0.0246034543961287 0.0243716202676296 0.0257253497838974 0.026316374540329 0.0278194434940815 0.0266789216548204 0.0260058958083391 0.0330638960003853 0.027703057974577 0.0257016830146313 0.0310767740011215 0.0272826533764601 0.0607175827026367 0.0278989709913731 0.0240687429904938 0.0280668139457703 0.0312458071857691 0.0263707004487514 0.0309350434690714 0.0310555230826139 0.0329088158905506 0.0336616523563862 0.0337929874658585 0.0325418524444103 0.0323731005191803 0.0327908881008625 0.0351775139570236 0.0349932909011841 0.0348078943789005 0.0353084690868855 0.0372909940779209 0.0349350534379482 0.0354551896452904 0.0367423892021179 0.0381191149353981 0.0368898659944534 0.0384561903774738 0.0382690168917179 0.0364135392010212 0.0309451352804899 0.0343842469155788 0.0333748497068882 0.0347935818135738 0.0346040576696396 0.0353089384734631 0.0360837243497372 0.0369369350373745 0.0386567115783691 0.0397297292947769 0.0457910895347595 0.0499918237328529 0.054692454636097 0.0638544782996178 0.102357238531113 -99.9 -99.9
0.0229179039597511 0.0189168620854616 0.079683318734169 0.0241106338799 0.0309571158140898 0.0236772559583187 0.0325280167162418 0.0228871125727892 0.0230423081666231 0.0383101254701614 0.0274799223989248 0.0258631724864244 0.0247077494859695 0.0273766741156578 0.0229194182902575 0.0280636921525002 0.0291611645370722 0.0298012942075729 0.0315530858933926 0.0311557799577713 0.0302241407334805 0.0314705185592175 0.0310721285641193 0.0322438068687916 0.0327372625470161 0.0338454805314541 0.0343656986951828 0.0342497117817402 0.0347895435988903 0.0367461070418358 0.0366373509168625 0.0372573733329773 0.0371489375829697 0.0385668016970158 0.040913064032793 0.0316878147423267 0.0394925177097321 0.0402060635387897 0.0427639596164227 0.0408440977334976 0.0373416692018509 0.0307520851492882 0.0321444272994995 0.0345250740647316 0.0353058576583862 0.0371070206165314 0.0380295589566231 0.0390113480389118 0.0485394597053528 0.0680685043334961 0.0599702037870884 0.065918080508709 0.0726493075489998 0.0814860537648201 0.114508077502251 0.126419261097908
0.0394029393792152 0.0142267104238272 0.0162679124623537 0.0195452589541674 0.0368497930467129 0.0253965817391872 0.0232582725584507 0.02662293612957 0.0259719416499138 0.0241455715149641 0.0243240743875504 0.0335553959012032 0.0249639824032784 0.025898564606905 0.0260080862790346 0.0284031368792057 0.0280608274042606 0.0281966831535101 0.0288254152983427 0.0299935955554247 0.0306872576475143 0.0308578629046679 0.0315879918634892 0.0316754169762135 0.0327668040990829 0.0338735207915306 0.0350428931415081 0.0342888869345188 0.0398320853710175 0.0382251851260662 0.0366732701659203 0.0358640477061272 0.0394749268889427 0.0378323718905449 0.0384972654283047 0.0381024703383446 0.0396439246833324 0.0428354553878307 0.0437391251325607 0.0437391251325607 0.0507662743330002 0.0397205613553524 0.031143406406045 0.0346404910087585 0.0457910895347595 0.0444904454052448 0.0457910895347595 0.0618732459843159 0.0530655570328236 0.077639564871788 0.0803034007549286 0.0860031992197037 0.0638544782996178 0.150075986981392 0.345885187387466 0.315673142671585
0.0198364220559597 0.0188043173402548 0.0183662716299295 0.0179388783872128 0.0188772790133953 0.0217967722564936 0.0203225556761026 0.0315279513597488 0.020603621378541 0.0238951817154884 0.0215567275881767 0.0238443296402693 0.0235685780644417 0.028814323246479 0.0257768724113703 0.0276738647371531 0.0255834273993969 0.02657300978899 0.0280915591865778 0.02683250233531 0.0279028415679932 0.0266449991613626 0.0281993355602026 0.0319867171347141 0.0343205817043781 0.0348143689334393 0.0346556641161442 0.0364918895065784 0.0363340750336647 0.0361742712557316 0.0374329164624214 0.037272073328495 0.0349908620119095 0.0355098210275173 0.0382793135941029 0.0402625799179077 0.0364262796938419 0.0410957112908363 0.0446662791073322 0.0507662743330002 0.063407264649868 0.0712563768029213 0.0485394597053528 -99.9 -99.9 -99.9 -99.9 -99.9 0.270072847604752 0.239279687404633 0.0991255044937134 0.110804036259651 0.0890548080205917 0.0987574532628059 0.128127679228783 0.121332935988903
0.0195997506380081 0.0180489681661129 0.0189916752278805 0.0172336492687464 0.020138006657362 0.027304757386446 0.0246121659874916 0.0190612524747849 0.0220414139330387 0.0187510512769222 0.0213528908789158 0.0218264292925596 0.0233611762523651 0.0223676767200232 0.0224559623748064 0.0269737336784601 0.0241543110460043 0.0267946198582649 0.0239771082997322 0.02706996537745 0.0246044788509607 0.0255660992115736 0.0316043980419636 0.0334724448621273 0.0352973788976669 0.0357778705656528 0.0349150449037552 0.0347010605037212 0.0364892818033695 0.033626314252615 0.0327790379524231 0.034472331404686 0.0363035462796688 0.037531603127718 0.0380561761558056 0.0630668997764587 0.169486150145531 0.350995093584061 -99.9 -99.9 -99.9 -99.9 -99.9 -99.9 -99.9 -99.9 -99.9 -99.9 -99.9 0.214208453893661 0.153228566050529 0.193285211920738 0.184047162532806 -99.9 0.156740069389343 0.21996995806694
0.0172199346125126 0.0178479943424463 0.0179666746407747 0.0133788865059614 0.022860636934638 0.0178006459027529 0.0161691401153803 0.0183197185397148 0.0193035248667002 0.0234113968908787 0.0166082996875048 0.0233987011015415 0.0198121890425682 0.0328777432441711 0.0212487243115902 0.0305615700781345 0.0204298160970211 0.0186726283282042 0.0223051197826862 0.0247117895632982 0.0228756554424763 0.0271481014788151 0.0318927727639675 0.0337943248450756 0.0331660956144333 0.0335597805678844 0.0345345847308636 0.0342668071389198 0.0352895930409431 0.0343608818948269 0.0283020995557308 0.0410712286829948 0.0522214993834496 0.0796495899558067 -99.9 -99.9 -99.9 -99.9 -99.9 -99.9 -99.9 -99.9 -99.9 -99.9 -99.9 -99.9 -99.9 -99.9 -99.9 -99.9 -99.9 -99.9 -99.9 -99.9 -99.9 -99.9
0.0145552521571517 0.0227646790444851 0.0158271659165621 0.0187094435095787 0.0169968847185373 0.0146023482084274 0.0160221699625254 0.0154458843171597 0.0167275201529264 0.0201675537973642 0.017479469999671 0.0168279651552439 0.0292469207197428 0.0188587531447411 0.0192191172391176 0.0198971517384052 0.0212683975696564 0.0272421054542065 0.0198267456144094 0.0226154997944832 0.0352812483906746 0.0260558128356934 0.0285156928002834 0.0312412139028311 0.031763881444931 0.0332603007555008 0.0335476994514465 0.0351118035614491 0.0341448672115803 0.0338157825171947 0.0561490803956985 0.180323243141174 0.101179622113705 0.328405469655991 -99.9 -99.9 -99.9 -99.9 -99.9 -99.9 -99.9 -99.9 -99.9 -99.9 -99.9 -99.9 -99.9 -99.9 -99.9 -99.9 -99.9 -99.9 -99.9 -99.9 -99.9 -99.9
0.00357797299511731 0.00831507798284292 0.0131117049604654 0.0125180138275027 0.0121913654729724 0.0121097434312105 0.0125737236812711 0.0136640276759863 0.0149145154282451 0.016354376450181 0.0164608471095562 0.0151869496330619 0.0149229113012552 0.0156155694276094 0.0169170722365379 0.0190252475440502 0.0199204292148352 0.0193661097437143 0.0201665908098221 0.0225483402609825 0.0300662368535995 0.0495352782309055 0.0596776604652405 0.0503635480999947 0.0417054444551468 0.0338653288781643 0.0302037764340639 0.0295492559671402 0.0297519732266665 0.0308588612824678 0.0387425236403942 0.061109397560358 0.0863683149218559 0.283139437437057 0.115842640399933 -99.9 -99.9 -99.9 -99.9 -99.9 -99.9 -99.9 -99.9 -99.9 -99.9 -99.9 -99.9 -99.9 -99.9 -99.9 -99.9 -99.9 -99.9 -99.9 -99.9 -99.9
-99.9 0.000120965240057558 0.000278285413514823 0.0007293556118384 0.00140073068905622 0.00170356233138591 0.00256252265535295 0.00503238290548325 0.0084191532805562 0.0113139618188143 0.0134126432240009 0.0138368308544159 0.0144042884930968 0.0151316402480006 0.0161901898682117 0.0176757089793682 0.0184739846736193 0.0184541326016188 0.0185812171548605 0.0188600830733776 0.0241749789565802 0.0407337658107281 0.0502393245697021 0.0433131568133831 0.0372426249086857 0.0318391360342503 0.0285848937928677 0.0269876345992088 0.0278083682060242 0.0314115099608898 0.0388934500515461 0.0536707118153572 0.0732940286397934 0.0988300964236259 0.114725805819035 0.111327663064003 -99.9 -99.9 -99.9 -99.9 -99.9 -99.9 -99.9 -99.9 -99.9 -99.9 -99.9 -99.9 -99.9 -99.9 -99.9 -99.9 -99.9 -99.9 -99.9 -99.9
-99.9 -99.9 -99.9 -99.9 -99.9 -99.9 0.000337878736900166 0.00119704089593142 0.00352315814234316 0.00699771055951715 0.0112142423167825 0.0135410837829113 0.015117796137929 0.0155095290392637 0.0166159234941006 0.0186503101140261 0.0197502560913563 0.0196818895637989 0.0186022482812405 0.0166952088475227 0.0173113383352757 0.020833607763052 0.0242063961923122 0.0270513370633125 0.0281764939427376 0.0271898619830608 0.026441739872098 0.026020023971796 0.0274873059242964 0.0313204973936081 0.0397174954414368 0.0572687759995461 0.0899569317698479 0.162343710660934 -99.9 -99.9 -99.9 -99.9 -99.9 -99.9 -99.9 -99.9 -99.9 -99.9 -99.9 -99.9 -99.9 -99.9 -99.9 -99.9 -99.9 -99.9 -99.9 -99.9 -99.9 -99.9
-99.9 -99.9 -99.9 -99.9 -99.9 -99.9 -99.9 -99.9 0.000705734244547784 0.00098774116486311 0.00176336837466806 0.00438541313633323 0.00880474224686623 0.0127304811030626 0.0163018144667149 0.0181509703397751 0.0192162469029427 0.0193013306707144 0.0181006584316492 0.0158777944743633 0.0151421939954162 0.0156763643026352 0.0175939034670591 0.021542064845562 0.0239971950650215 0.0240195374935865 0.0241650324314833 0.0245576296001673 0.026102464646101 0.0291104167699814 0.0354909338057041 0.0480145029723644 0.0714633911848068 0.121956199407578 0.146940961480141 0.0885267183184624 0.0549250841140747 -99.9 -99.9 -99.9 -99.9 -99.9 -99.9 -99.9 -99.9 -99.9 -99.9 -99.9 -99.9 -99.9 -99.9 -99.9 -99.9 -99.9 -99.9 -99.9
-99.9 -99.9 -99.9 -99.9 -99.9 -99.9 -99.9 -99.9 -99.9 -99.9 -99.9 0.000793573097325861 0.00332203297875822 0.00857546925544739 0.0153016075491905 0.0163250509649515 0.0170553419739008 0.0174348130822182 0.0171285551041365 0.0161731466650963 0.0158927533775568 0.0162523463368416 0.0178443379700184 0.0211320873349905 0.0226865038275719 0.0218465942889452 0.0218016169965267 0.0226769596338272 0.0238239299505949 0.025294054299593 0.0280429851263762 0.0325996465981007 0.0395666621625423 0.0504930689930916 0.0549738183617592 0.0496478900313377 0.0558313615620136 -99.9 -99.9 0.254396975040436 0.278459548950195 -99.9 -99.9 -99.9 -99.9 -99.9 -99.9 -99.9 -99.9 -99.9 -99.9 -99.9 -99.9 -99.9 -99.9 -99.9
-99.9 -99.9 -99.9 -99.9 -99.9 -99.9 -99.9 -99.9 -99.9 -99.9 -99.9 -99.9 0.000142411270644516 0.000542783876881003 0.00128347834106535 0.00138691940810531 0.00215790793299675 0.00537582626566291 0.00955658033490181 0.0106074111536145 0.0123769538477063 0.0152556411921978 0.018206313252449 0.0209546890109777 0.0218957401812077 0.0205872189253569 0.0205938369035721 0.0220576710999012 0.0225153900682926 0.0218607597053051 0.0228173658251762 0.025703264400363 0.028925308957696 0.0325113460421562 0.0361939817667007 0.03986931219697 0.0469724349677563 0.0650476962327957 0.0926001891493797 0.130351364612579 0.138926327228546 0.109889470040798 0.087557427585125 0.0560363791882992 -99.9 -99.9 -99.9 -99.9 -99.9 -99.9 -99.9 -99.9 -99.9 -99.9 -99.9 -99.9
-99.9 -99.9 -99.9 -99.9 -99.9 -99.9 -99.9 -99.9 -99.9 -99.9 -99.9 -99.9 -99.9 -99.9 6.79012155160308e-05 -99.9 0.000160748590133153 0.000964396400377154 0.00365897524170578 0.00493018748238683 0.00745626492425799 0.0130244232714176 0.0186863224953413 0.0210006162524223 0.0215601194649935 0.0200662333518267 0.0203212779015303 0.0225585717707872 0.0219934191554785 0.0188067406415939 0.0190478097647429 0.0229813270270824 0.0263343974947929 0.0284914318472147 0.0304578747600317 0.032144371420145 0.0381975173950195 0.0433702357113361 0.0504349134862423 0.0567307434976101 0.0598176196217537 0.0589770972728729 0.0452737882733345 0.0354614220559597 0.0354070886969566 0.0451207421720028 0.0463920533657074 -99.9 -99.9 -99.9 -99.9 -99.9 -99.9 -99.9 -99.9 -99.9
-99.9 -99.9 -99.9 -99.9 -99.9 -99.9 -99.9 -99.9 -99.9 -99.9 -99.9 -99.9 -99.9 -99.9 -99.9 -99.9 -99.9 -99.9 -99.9 -99.9 8.67800627020188e-05 0.000275132770184427 0.00103320239577442 0.00487948721274734 0.00922955200076103 0.00482502393424511 0.00516646262258291 0.0119472043588758 0.0183572769165039 0.0165896695107222 0.0175125598907471 0.0217871535569429 0.0250463746488094 0.026370195671916 0.0273353531956673 0.027876740321517 0.0310658682137728 0.0368263199925423 0.0392174199223518 0.0396536253392696 0.0411906279623508 0.0439884513616562 0.0377371981739998 0.031349178403616 0.0320774912834167 0.0346820130944252 0.0385589934885502 0.0441868826746941 0.0501315034925938 0.0661902576684952 0.196574151515961 0.319454669952393 -99.9 -99.9 -99.9 -99.9
-99.9 -99.9 -99.9 -99.9 -99.9 -99.9 -99.9 -99.9 -99.9 -99.9 -99.9 -99.9 -99.9 -99.9 -99.9 -99.9 -99.9 -99.9 -99.9 -99.9 -99.9 -99.9 -99.9 0.000608176458626986 0.00237498176284134 0.000634056807029992 0.000717160059139132 0.00403283862397075 0.0133434748277068 0.0149722145870328 0.0176087878644466 0.0218257363885641 0.0248209163546562 0.0256699994206429 0.0260028261691332 0.0257835034281015 0.0281080175191164 0.0334222614765167 0.0349451452493668 0.0334222614765167 0.0339335910975933 0.036594845354557 0.0334097445011139 0.0303927138447762 0.0352216474711895 0.0432922951877117 -99.9 -99.9 0.0877187252044678 0.10149884223938 0.14805568754673 0.260966032743454 -99.9 -99.9 -99.9 -99.9
-99.9 -99.9 -99.9 -99.9 -99.9 -99.9 -99.9 -99.9 -99.9 -99.9 -99.9 -99.9 -99.9 -99.9 -99.9 -99.9 -99.9 -99.9 -99.9 -99.9 -99.9 -99.9 -99.9 -99.9 -99.9 -99.9 -99.9 0.000682102341670543 0.00480702752247453 0.00994177628308535 0.0170892626047134 0.0226305816322565 0.0256665088236332 0.0245575252920389 0.0240425933152437 0.0240888483822346 0.025680847465992 0.0294098164886236 0.0307637955993414 0.03011061437428 0.0310366693884134 0.0337240435183048 0.0311696585267782 0.0289372075349092 0.034170500934124 0.0426782220602036 0.0565676540136337 0.0808345973491669 0.101988881826401 0.110136136412621 0.14031682908535 0.227448537945747 0.326220989227295 0.354874014854431 -99.9 -99.9
