data/Strathclyde_European_Shelf_Data/OrbitalVelMean.asc
NCOLS 200
NROWS 150
XLLCORNER -16
YLLCORNER 44
CELLSIZE 0.125
NODATA_VALUE -99.9
[rows 25 to 49 of 150, columns 56 to 111 of 200]
-99.9 -99.9 -99.9 -99.9 -99.9 -99.9 -99.9 -99.9 -99.9 -99.9 -99.9 -99.9 -99.9 -99.9 -99.9 -99.9 -99.9 -99.9 -99.9 0.00239071086980402 0.00480992207303643 0.00670745177194476 0.0220749489963055 0.0271715857088566 0.0343462564051151 0.0370063744485378 0.0467768423259258 0.0577031783759594 0.0561598092317581 0.0416716895997524 0.0324308685958385 0.0310573484748602 0.0346503667533398 0.0331655368208885 0.0358187146484852 0.069329097867012 0.0635322481393814 0.0550096333026886 0.0555920153856277 0.0431652925908566 0.0213985405862331 0.0188806615769863 0.0296532269567251 0.0232306756079197 0.0450762435793877 0.0161590427160263 0.0304316449910402 0.0667409002780914 0.0744030699133873 0.0724157392978668 0.0641767755150795 0.056847732514143 0.0591456852853298 0.0560590848326683 0.0376541130244732 0.0273910090327263
-99.9 -99.9 -99.9 -99.9 -99.9 -99.9 -99.9 -99.9 -99.9 -99.9 -99.9 -99.9 -99.9 -99.9 -99.9 -99.9 -99.9 -99.9 -99.9 0.00348578626289964 0.0169330816715956 0.0243867933750153 0.0244836900383234 0.0318171456456184 0.0353717729449272 0.0423043183982372 0.0426210500299931 0.0505114383995533 0.0559113807976246 0.0543528534471989 0.0402104780077934 0.0277455188333988 0.0274434424936771 0.0418989434838295 0.0527817495167255 0.048469252884388 0.0628617480397224 0.0575565434992313 0.0488615594804287 0.0335118770599365 0.0242436360567808 0.02058912999928 0.0130015388131142 0.0147589817643166 0.064804270863533 0.0563722401857376 0.076230525970459 0.0739735662937164 0.12820291519165 0.115286685526371 0.0841858386993408 0.11242963373661 0.0954117402434349 0.0979482531547546 0.0520747192203999 0.0444015450775623
-99.9 -99.9 -99.9 -99.9 -99.9 -99.9 -99.9 -99.9 -99.9 -99.9 -99.9 -99.9 -99.9 -99.9 -99.9 -99.9 -99.9 0.000568406016100198 0.0015147723024711 0.0062875896692276 0.0204587280750275 0.0228318888694048 0.0348879545927048 0.0454757437109947 0.0650441870093346 0.0619493313133717 0.0547436885535717 0.0541719011962414 0.0567258112132549 0.0510878227651119 0.0444097779691219 0.0354216657578945 0.0418783910572529 0.0421753413975239 0.0409483462572098 0.0615970529615879 0.0585841275751591 0.0525517351925373 0.0608948320150375 0.0485168918967247 0.0312755480408669 0.0217930022627115 0.013132237829268 0.0640094131231308 0.0367823950946331 0.0441393814980984 0.0587890073657036 0.148176848888397 -99.9 0.112059950828552 0.125438407063484 0.443316280841827 0.625847697257996 0.0936735793948174 0.0461771003901958 0.032844003289938
-99.9 -99.9 -99.9 -99.9 -99.9 -99.9 -99.9 -99.9 -99.9 -99.9 -99.9 -99.9 -99.9 0.000390725850593299 0.00113147601950914 0.00403690850362182 0.0167791675776243 0.0206376928836107 0.0379357859492302 0.0452831350266933 0.041694637387991 0.0411663204431534 0.0459918677806854 0.0525186881422997 0.0580252930521965 0.0768154934048653 0.0744799971580505 0.0736878141760826 0.0743870362639427 0.0517404451966286 0.0562681071460247 0.069140188395977 0.0618516616523266 0.0432582721114159 0.0435372851788998 0.0688867643475533 0.0567645877599716 0.065974697470665 0.049253024160862 0.036581989377737 0.0341478660702705 0.029638797044754 0.0333995558321476 0.092255137860775 0.0673342272639275 0.0782033652067184 0.0874560475349426 -99.9 0.200549125671387 -99.9 -99.9 0.261337459087372 0.142676308751106 0.0585341081023216 0.0286873877048492 0.0332295894622803
-99.9 -99.9 -99.9 -99.9 -99.9 -99.9 -99.9 -99.9 -99.9 -99.9 -99.9 -99.9 0.001170689240098 0.0123979477211833 0.0163413193076849 0.0151956556364894 0.0177859291434288 0.0226134732365608 0.0264671333134174 0.0316933579742908 0.0480880960822105 0.131567865610123 0.164492234587669 0.10776448994875 0.0917390361428261 0.0753357857465744 0.0923262536525726 0.0844542980194092 0.0586061775684357 0.0550022348761559 0.0984864309430122 0.097971111536026 0.140269428491592 0.0641592964529991 0.0541747845709324 0.107454657554626 0.146967947483063 0.1257483959198 0.103261701762676 0.0672963932156563 0.0566001459956169 0.0487769581377506 0.0651766285300255 0.0457539297640324 0.0899164900183678 -99.9 -99.9 -99.9 0.401647478342056 -99.9 0.166522055864334 0.215569451451302 0.045967236161232 0.0324591062963009 0.0342127047479153 0.0439038723707199
-99.9 -99.9 -99.9 -99.9 -99.9 -99.9 -99.9 -99.9 -99.9 -99.9 -99.9 0.000676937459502369 0.038696363568306 0.0548148229718208 0.0268793944269419 0.0157079696655273 0.0178274195641279 0.0219755601137877 0.0273999255150557 0.0435056462883949 0.0543364845216274 0.0716061890125275 0.0704330876469612 0.0546150468289852 0.0580299384891987 0.0517148599028587 0.0533411577343941 0.0566337332129478 0.0674599930644035 0.0545193292200565 0.0716128125786781 0.0878941193223 0.146862551569939 0.122976645827293 0.0599775612354279 0.0975374728441238 0.0812212601304054 0.0869119092822075 0.127324119210243 0.124173410236835 0.109837725758553 0.0498364120721817 0.0498364120721817 0.0711495354771614 0.127324119210243 -99.9 -99.9 -99.9 -99.9 -99.9 0.185139387845993 0.0462797470390797 0.033649105578661 0.0255737043917179 0.0284942537546158 0.0318169072270393
-99.9 -99.9 -99.9 -99.9 -99.9 -99.9 -99.9 -99.9 -99.9 -99.9 0.00202118698507547 0.0294094942510128 0.0552593171596527 0.0549432747066021 0.0454595275223255 0.0345701798796654 0.0236132871359587 0.0237008463591337 0.0286796540021896 0.0344697050750256 0.0388450585305691 0.0320208072662354 0.038935225456953 0.0378846265375614 0.0390542484819889 0.039517417550087 0.069539301097393 0.0661408081650734 0.0776430368423462 0.0716128125786781 0.0897601395845413 0.0534976497292519 0.0701950341463089 0.0721174627542496 0.0696225836873055 0.0759816840291023 0.109837725758553 0.124173410236835 0.104695707559586 0.0776809006929398 0.0652747452259064 0.0518997609615326 0.0625584125518799 0.0681352987885475 0.0666864216327667 -99.9 -99.9 0.109837725758553 -99.9 0.0609832443296909 0.0449222698807716 0.0356074348092079 0.0356074348092079 0.0346118845045567 0.0277287438511848 0.0284942537546158
-99.9 -99.9 -99.9 -99.9 -99.9 -99.9 0.000565791735425591 0.00106750382110476 0.00228091608732939 0.00606874516233802 0.032113179564476 0.046009611338377 0.0602143369615078 0.0655942261219025 0.0587946772575378 0.055848591029644 0.046275906264782 0.0406476110219955 0.0337541773915291 0.0325376316905022 0.043612502515316 0.0285320226103067 0.0320026390254498 0.0285096857696772 0.0285124443471432 0.0296860169619322 0.0393356867134571 0.0566337332129478 0.0661408081650734 0.0730654299259186 0.111404560506344 0.102043271064758 0.0936406254768372 0.0855283960700035 0.112528726458549 0.0909806042909622 0.0727174505591393 0.0508555434644222 0.0459968261420727 0.0425055772066116 0.0378425940871239 0.0540664568543434 0.0743276923894882 0.0975374728441238 0.0931034982204437 0.0696225836873055 0.104695707559586 0.084961973130703 0.0695980340242386 0.0366370603442192 0.0449222698807716 0.042346615344286 0.038804080337286 0.0377021282911301 0.0399444177746773 0.0277287438511848
-99.9 -99.9 0.00062763859750703 0.000928383902646601 0.00134946359321475 0.00217562518082559 0.00382851297035813 0.00903991237282753 0.027121813967824 0.0313485115766525 0.0317496843636036 0.0381791777908802 0.0389268882572651 0.0474380105733871 0.05530646443367 0.0625303387641907 0.0640329644083977 0.0642546713352203 0.060417752712965 0.0647959113121033 0.0714092254638672 0.0772892460227013 0.0599688328802586 0.0351478159427643 0.0301332827657461 0.0280911065638065 0.0115353669971228 0.0210065878927708 0.0492001101374626 0.076927125453949 0.093799039721489 -99.9 -99.9 -99.9 -99.9 -99.9 -99.9 0.196156099438667 -99.9 -99.9 -99.9 -99.9 -99.9 -99.9 -99.9 -99.9 -99.9 0.239973336458206 0.0471813715994358 0.0449222698807716 0.0609832443296909 0.042346615344286 0.033649105578661 0.0377021282911301 0.033649105578661 0.0255737043917179
0.00129296409431845 0.00187220214866102 0.00261144968681037 0.00387256499379873 0.00913740415126085 0.0160894002765417 0.0221944451332092 0.0230755601078272 0.0278064534068108 0.0332691073417664 0.0401397421956062 0.0445156507194042 0.0560082383453846 0.0602653585374355 0.0709614679217339 0.0847160816192627 0.100307270884514 0.114586785435677 0.122150428593159 0.198471739888191 -99.9 -99.9 -99.9 0.0486563891172409 0.027619656175375 0.0204437151551247 0.0142924282699823 0.00886285770684481 0.0142367519438267 0.0191889125853777 0.0398929715156555 -99.9 -99.9 -99.9 -99.9 -99.9 -99.9 -99.9 -99.9 -99.9 -99.9 -99.9 -99.9 -99.9 -99.9 -99.9 -99.9 0.358294576406479 0.0542009808123112 0.0495533905923367 0.0356392674148083 0.0379965640604496 0.0367954969406128 0.0277888439595699 0.0232248399406672 0.02008674480021
0.00372888590209186 0.00539087364450097 0.0113196279853582 0.0188013222068548 0.0212702248245478 0.0253813751041889 0.0286160763353109 0.0359691493213177 0.0467560961842537 0.0530717819929123 0.0642887428402901 0.173116579651833 0.0726538449525833 0.0558996275067329 0.0367548167705536 0.0619038976728916 0.0913785547018051 0.15689180791378 -99.9 -99.9 -99.9 -99.9 -99.9 0.0253111496567726 0.0179984550923109 0.0213498864322901 0.0161313284188509 0.011027448810637 0.0272372923791409 0.00528623955324292 -99.9 -99.9 -99.9 -99.9 -99.9 -99.9 -99.9 -99.9 -99.9 -99.9 -99.9 -99.9 -99.9 -99.9 -99.9 -99.9 -99.9 0.0590455494821072 0.0412337854504585 0.0591944754123688 0.0412046834826469 0.0534463003277779 0.0333182401955128 0.0333182401955128 0.0254322830587626 0.0136818485334516
0.0104992436245084 0.0186631586402655 0.0216460861265659 0.0301996134221554 0.032958947122097 0.0325774811208248 0.0363433994352818 0.0407475642859936 0.0476875305175781 0.0621787682175636 0.0903376713395119 0.140581116080284 0.101536802947521 0.0517367720603943 0.0237610246986151 -99.9 -99.9 -99.9 -99.9 -99.9 -99.9 0.21481728553772 0.0205591227859259 0.0119191855192184 0.0193899367004633 0.0226410906761885 0.0171189960092306 0.00929578021168709 0.0104954540729523 -99.9 -99.9 -99.9 -99.9 -99.9 -99.9 -99.9 -99.9 -99.9 -99.9 -99.9 -99.9 -99.9 -99.9 -99.9 0.119067758321762 0.0861392170190811 0.0543046891689301 0.0609185807406902 0.102395623922348 0.0823356062173843 0.0443204753100872 0.0427283681929111 0.0370103567838669 0.0216302275657654 0.0254322830587626 0.0223333183676004
0.0201098099350929 0.0255583431571722 0.0309546776115894 0.0315099731087685 0.0290306322276592 0.0310857314616442 0.0306133292615414 0.032323844730854 0.0682280287146568 0.0977784693241119 0.0871746689081192 0.0727862939238548 0.0559379793703556 0.0315765328705311 0.16650578379631 -99.9 -99.9 -99.9 -99.9 -99.9 -99.9 0.0123925693333149 0.0129305608570576 0.027676785364747 0.0224259458482265 0.0119490521028638 0.0160684008151293 0.00429110508412123 -99.9 -99.9 -99.9 -99.9 -99.9 -99.9 -99.9 -99.9 -99.9 -99.9 -99.9 -99.9 -99.9 -99.9 -99.9 0.120956785976887 0.0843857452273369 0.0647342279553413 0.0740845799446106 0.0742841139435768 0.0639768540859222 0.0612910613417625 0.0300586465746164 0.0280965641140938 0.0230637788772583 0.0230637788772583 0.0246119052171707 0.0238228682428598
0.0262760333716869 0.0253997594118118 0.0339265130460262 0.0351343564689159 0.0475775636732578 0.0302022490650415 0.0379579328000546 0.0555372498929501 0.0866386443376541 0.0789982303977013 0.0571818426251411 0.0510931648313999 0.231501653790474 0.177054539322853 0.252367287874222 -99.9 -99.9 -99.9 -99.9 -99.9 0.00719214230775833 0.00719214230775833 0.0289572216570377 0.0234582088887691 0.0208908300846815 0.0186596531420946 0.0234582088887691 0.015009144321084 0.0154144773259759 -99.9 -99.9 -99.9 -99.9 -99.9 -99.9 -99.9 -99.9 -99.9 -99.9 -99.9 -99.9 0.166123569011688 0.120879396796227 0.0752031654119492 0.0767745971679688 0.0667903944849968 0.0476701855659485 0.0251721236854792 0.0193263869732618 0.0187416058033705 0.0149481073021889 0.0271730199456215 0.0238228682428598 0.0154007663950324 0.0149481073021889 0.0108798304572701
0.0334139131009579 0.0369316264986992 0.033477645367384 -99.9 0.0477274507284164 0.037330262362957 0.0620469599962234 0.0602760799229145 0.063426710665226 0.0466595664620399 0.0452047921717167 0.102636843919754 0.167922869324684 0.246742710471153 0.375732690095901 -99.9 -99.9 -99.9 0.0180955156683922 0.022062337026 0.0234582088887691 0.0186596531420946 0.011027448810637 0.00719214230775833 0.00403766194358468 -99.9 -99.9 -99.9 -99.9 -99.9 -99.9 -99.9 -99.9 -99.9 -99.9 -99.9 -99.9 -99.9 -99.9 -99.9 -99.9 -99.9 0.218674302101135 0.103546790778637 0.0720544457435608 0.0443057380616665 0.0418009273707867 0.0420773327350616 0.0849807038903236 0.0279017630964518 0.0136818485334516 0.0132883321493864 0.0121858194470406 0.00947324372828007 0.00947324372828007 0.00654466776177287
0.0299515556544065 0.0251824837177992 0.0239824019372463 0.0254896227270365 0.0258653461933136 0.0402331911027431 0.0376285649836063 0.0398815646767616 0.0575783923268318 0.105750314891338 0.187543392181396 0.231276363134384 0.26346492767334 -99.9 -99.9 0.498118698596954 0.0319903008639812 0.0275864955037832 0.0238822903484106 0.0241741314530373 0.0181481465697289 -99.9 0.026424640789628 0.00456393836066127 0.00496096024289727 0.0941535532474518 -99.9 -99.9 -99.9 -99.9 -99.9 -99.9 -99.9 -99.9 -99.9 -99.9 -99.9 -99.9 -99.9 -99.9 -99.9 0.122871451079845 0.0962371006608009 0.405084013938904 -99.9 -99.9 -99.9 -99.9 -99.9 -99.9 -99.9 -99.9 -99.9 -99.9 -99.9 -99.9
0.0286509022116661 0.0268984418362379 0.0233518723398447 0.0229413434863091 0.022533692419529 0.0306588783860207 0.0307038407772779 0.0561088249087334 0.0950089693069458 0.144048199057579 0.192628890275955 0.376347780227661 -99.9 -99.9 -99.9 0.0242594256997108 0.0730375796556473 0.0194342490285635 0.0242594256997108 -99.9 0.0385907180607319 -99.9 -99.9 0.00672170193865895 0.000689661828801036 -99.9 -99.9 -99.9 -99.9 -99.9 -99.9 -99.9 -99.9 -99.9 -99.9 -99.9 -99.9 -99.9 -99.9 -99.9 -99.9 -99.9 -99.9 -99.9 -99.9 -99.9 -99.9 -99.9 -99.9 -99.9 -99.9 -99.9 -99.9 -99.9 -99.9 -99.9
0.0383670963346958 0.0316338799893856 0.0269911494106054 0.0245443247258663 0.0230217315256596 0.0303085297346115 0.0480181351304054 0.0374926291406155 0.0615234263241291 0.0797208994626999 0.110697060823441 0.173404186964035 0.291775465011597 -99.9 0.175329938530922 0.0378648787736893 0.0138954296708107 0.0590556338429451 -99.9 -99.9 -99.9 -99.9 -99.9 -99.9 0.0050665931776166 -99.9 -99.9 -99.9 -99.9 -99.9 -99.9 -99.9 -99.9 -99.9 -99.9 -99.9 -99.9 -99.9 -99.9 -99.9 -99.9 -99.9 -99.9 -99.9 -99.9 -99.9 -99.9 -99.9 -99.9 -99.9 -99.9 -99.9 -99.9 -99.9 -99.9 -99.9
0.0321859009563923 0.0297764670103788 0.0288795214146376 0.0298642832785845 0.0275778006762266 0.0414694398641586 0.0395469292998314 0.0351354405283928 0.0489847399294376 0.0719900876283646 0.137260288000107 0.160027295351028 0.302174478769302 -99.9 0.113770022988319 0.0184017810970545 0.080906830728054 0.0711390748620033 0.149423643946648 0.175329938530922 -99.9 -99.9 -99.9 -99.9 -99.9 -99.9 -99.9 -99.9 -99.9 -99.9 -99.9 -99.9 -99.9 -99.9 -99.9 -99.9 -99.9 -99.9 -99.9 -99.9 -99.9 -99.9 -99.9 -99.9 -99.9 -99.9 -99.9 -99.9 -99.9 -99.9 -99.9 -99.9 -99.9 -99.9 -99.9 -99.9
0.0411988012492657 0.0407258607447147 0.0409415476024151 0.0490189269185066 0.0406907685101032 0.0402149334549904 0.04190419241786 0.0372402332723141 0.0894859656691551 0.101572453975677 0.14419786632061 0.182739049196243 0.231562718749046 -99.9 0.0448390021920204 0.0175415724515915 0.0371734127402306 0.0299513563513756 0.0231472216546535 0.0602671802043915 0.0392339564859867 -99.9 -99.9 -99.9 -99.9 -99.9 -99.9 -99.9 -99.9 -99.9 -99.9 -99.9 -99.9 -99.9 -99.9 -99.9 -99.9 -99.9 -99.9 -99.9 -99.9 -99.9 -99.9 -99.9 -99.9 -99.9 -99.9 -99.9 -99.9 -99.9 -99.9 -99.9 -99.9 -99.9 -99.9 -99.9
0.0362197309732437 0.0335349254310131 0.037145059555769 0.0316399037837982 0.0297344923019409 0.0308113377541304 0.0336179248988628 0.0361688882112503 0.0369989424943924 0.106331184506416 0.127694353461266 0.177660346031189 -99.9 -99.9 0.0117872459813952 0.0231472216546535 0.0289177112281322 0.0544963330030441 0.227658212184906 -99.9 0.00738420616835356 -99.9 0.00697129359468818 0.0459586530923843 -99.9 -99.9 -99.9 -99.9 -99.9 -99.9 -99.9 -99.9 -99.9 -99.9 -99.9 -99.9 -99.9 -99.9 -99.9 -99.9 -99.9 -99.9 -99.9 -99.9 -99.9 -99.9 -99.9 -99.9 -99.9 -99.9 -99.9 -99.9 -99.9 -99.9 -99.9 0.0319949761033058
0.042058028280735 0.0416359975934029 0.0398498959839344 0.0345055758953094 0.0324603468179703 0.0348611101508141 0.0381825231015682 0.0312983505427837 0.0527032390236855 0.13136214017868 0.257618218660355 -99.9 -99.9 0.0210302714258432 0.0154717015102506 0.0265146810561419 0.0310295503586531 0.166055127978325 0.227658212184906 0.0590556338429451 0.0597862303256989 -99.9 -99.9 0.0770843848586082 0.0356520786881447 -99.9 -99.9 -99.9 -99.9 -99.9 -99.9 -99.9 -99.9 -99.9 -99.9 -99.9 -99.9 -99.9 -99.9 -99.9 -99.9 -99.9 -99.9 -99.9 -99.9 -99.9 -99.9 -99.9 -99.9 -99.9 -99.9 -99.9 -99.9 -99.9 -99.9 0.0263108890503645
0.0406784527003765 0.0383762866258621 0.0406462848186493 0.0446337424218655 0.0373087450861931 0.0334173142910004 0.0359803959727287 0.0375113524496555 0.0608218796551228 0.135518014431 0.216555595397949 0.166082084178925 0.0136964386329055 0.0141220819205046 0.0220177713781595 0.0150005500763655 0.014771387912333 0.018699623644352 0.0534241087734699 0.0103409131988883 0.0149126881733537 0.150332927703857 0.00925062596797943 0.0486327558755875 0.123329117894173 -99.9 -99.9 -99.9 -99.9 -99.9 -99.9 -99.9 -99.9 -99.9 -99.9 -99.9 -99.9 -99.9 -99.9 -99.9 -99.9 -99.9 -99.9 -99.9 -99.9 -99.9 -99.9 -99.9 -99.9 -99.9 -99.9 -99.9 -99.9 -99.9 0.025325944647193 0.0273426659405231
0.0393551923334599 0.0417643561959267 0.0443657711148262 0.0448223501443863 0.0369128212332726 0.0354051515460014 0.0345230214297771 0.0366314388811588 0.0482070185244083 0.0824156552553177 0.101745642721653 0.0101053845137358 0.0106728803366423 0.0171957537531853 0.0112798735499382 0.0202779602259398 0.10357029736042 0.0903453677892685 0.0615091770887375 0.0903453677892685 0.122899197041988 0.144959479570389 -99.9 -99.9 -99.9 -99.9 -99.9 -99.9 -99.9 -99.9 -99.9 -99.9 -99.9 -99.9 -99.9 -99.9 -99.9 -99.9 -99.9 -99.9 -99.9 -99.9 -99.9 -99.9 -99.9 -99.9 -99.9 -99.9 -99.9 -99.9 -99.9 -99.9 -99.9 0.0508483424782753 0.014774227514863 0.0284239705651999
0.0351285748183727 0.0343620665371418 0.0358243435621262 0.0247053224593401 0.0198203381150961 0.0196235310286283 0.0233172886073589 0.0293290074914694 0.0394002497196198 0.0365266837179661 0.0178229548037052 0.0141136404126883 0.0143655547872186 0.0252430029213428 0.0792142003774643 0.238844588398933 0.271344095468521 0.349235147237778 -99.9 0.0457510650157928 0.153439551591873 -99.9 -99.9 -99.9 -99.9 -99.9 -99.9 -99.9 -99.9 -99.9 -99.9 -99.9 -99.9 -99.9 -99.9 -99.9 -99.9 -99.9 -99.9 -99.9 -99.9 -99.9 -99.9 -99.9 -99.9 -99.9 -99.9 -99.9 -99.9 -99.9 -99.9 -99.9 0.0465609021484852 0.0263108890503645 0.0284239705651999 0.0284239705651999
