data/Strathclyde_European_Shelf_Data/OrbitalVelMean.asc
NCOLS 200
NROWS 150
XLLCORNER -16
YLLCORNER 44
CELLSIZE 0.125
NODATA_VALUE -99.9
[rows 50 to 74 of 150, columns 112 to 167 of 200]
0.0266612097620964 0.0249200742691755 0.0236794352531433 0.0214907675981522 0.024471178650856 0.0207113828510046 0.0183428581804037 0.0222400948405266 0.0184526387602091 0.0182146858423948 0.0198284406214952 0.0202077217400074 0.019948797300458 0.0254043955355883 0.0167842283844948 0.0181840099394321 0.0187832489609718 0.0185173116624355 0.0182619541883469 0.0180165898054838 0.0172857083380222 0.0161469150334597 0.0178274773061275 0.0186190269887447 0.0200014133006334 0.0181655883789062 0.017469109967351 0.0155238136649132 0.015368664637208 0.0169050823897123 0.0190256889909506 0.0201557148247957 0.0212854277342558 0.0224948972463608 0.0251785609871149 0.0299666486680508 0.0327733717858791 0.0291095282882452 0.028278412297368 0.0266933757811785 0.0309163071215153 0.0318682342767715 0.0318870544433594 0.032878901809454 0.0328494794666767 0.0369137786328793 0.0343912206590176 0.0373396724462509 0.032650388777256 0.0343594402074814 0.0362002439796925 0.0369846858084202 0.0378016196191311 0.0374223813414574 0.0408602170646191 0.0432496666908264
0.0323034524917603 0.025935597717762 0.0317645035684109 0.0321521013975143 0.0170761253684759 0.0232700407505035 0.0197618026286364 0.0194481573998928 0.0173205323517323 0.0231525059789419 0.0180441625416279 0.0178344082087278 0.0193868987262249 0.0217302162200212 0.0163068249821663 0.0144310677424073 0.0141108231619 0.0147423977032304 0.0182872097939253 0.0202709101140499 0.0168170370161533 0.0161506477743387 0.0168729647994041 0.0181299988180399 0.0174151845276356 0.0181914214044809 0.0206741578876972 0.0198470409959555 0.014203829690814 0.0173789300024509 0.0201277378946543 0.0207563769072294 0.0201882049441338 0.0232124701142311 0.0260321013629436 0.03015954233706 0.0320359207689762 0.0239026788622141 0.0239131283015013 0.0284720752388239 0.0302312467247248 0.0321241691708565 0.0321482084691525 0.0331639908254147 0.033128771930933 0.0329411923885345 0.0307086538523436 0.029482152312994 0.0309948567301035 0.0306723844259977 0.0322890281677246 0.0340300388634205 0.0336903668940067 0.0367219038307667 0.0388226397335529 0.0397486016154289
0.0230191498994827 0.0217175912111998 0.0272594913840294 0.0194794330745935 0.0184451695531607 0.0234611481428146 0.0198741853237152 0.0202471017837524 0.0179757662117481 0.0177383068948984 0.0169605128467083 0.0190768595784903 0.0290236175060272 0.0175007972866297 0.0178697556257248 0.0157332774251699 0.0158070903271437 0.0203231461346149 0.0232992805540562 0.0209444314241409 0.0163610093295574 0.016160637140274 0.0142971882596612 0.0186871252954006 0.0184510555118322 0.0204176586121321 0.0201535262167454 0.0216724928468466 0.0207927823066711 0.0164891816675663 0.0190909411758184 0.0202346425503492 0.0208071749657393 0.0214016437530518 0.0239860359579325 0.0269563384354115 0.0240051280707121 0.025449113920331 0.026219280436635 0.0270195193588734 0.0286911595612764 0.0295867435634136 0.0305178333073854 0.0345141477882862 0.0314463749527931 0.0303210932761431 0.0291368905454874 0.0297244377434254 0.0322666615247726 0.0374230965971947 0.0370705500245094 0.0391922369599342 0.0401331931352615 0.0454972460865974 0.046675942838192 0.0479069016873837
0.0167882405221462 0.0155634079128504 0.0147936167195439 0.00933137256652117 0.0131073463708162 0.0266821794211864 0.0233852174133062 0.0153692476451397 0.0275717172771692 0.0272907353937626 0.0200317949056625 0.0199017655104399 0.0197772532701492 0.0173692554235458 0.0144620286300778 0.0188497751951218 0.0188994854688644 0.0170387625694275 0.0189143177121878 0.0197912435978651 0.0189417209476233 0.0204118713736534 0.0233709085732698 0.0216861814260483 0.016983749344945 0.0217152927070856 0.0185603313148022 0.0205387119203806 0.0197137724608183 0.0174359306693077 0.0162408743053675 0.0191847402602434 0.0202899817377329 0.0208755265921354 0.025548966601491 0.0248248297721148 0.0234377011656761 0.0271567851305008 0.0234722811728716 0.0272022970020771 0.0280527323484421 0.0298240445554256 0.0298567283898592 0.0298915896564722 0.0289605557918549 0.0296518821269274 0.0312237199395895 0.0329058356583118 0.0394925512373447 0.041807372123003 0.0428502447903156 0.0522055700421333 0.0482876598834991 0.0478904731571674 0.0509558953344822 0.0605873242020607
0.0104639548808336 0.014444712549448 0.0104639548808336 0.0112211331725121 0.00724280858412385 0.0104639548808336 0.00943971518427134 0.0155634079128504 0.0208528805524111 0.0164107978343964 0.0252721291035414 0.0244742408394814 0.0229671224951744 0.013394451700151 0.0244742408394814 0.0193170569837093 0.0172370448708534 0.0155528066679835 0.0172557234764099 0.0197526179254055 0.0206720344722271 0.0223049800843 0.0248332638293505 0.0268221162259579 0.0226382035762072 0.0223050620406866 0.0195575747638941 0.0204499680548906 0.0226686000823975 0.0173143539577723 0.0165557526051998 0.0201684553176165 0.0185383707284927 0.0207657627761364 0.0190810970962048 0.0213930923491716 0.0226832497864962 0.0233734417706728 0.0248129479587078 0.0255857221782207 0.025612810626626 0.0272252894937992 0.0280946344137192 0.0318034589290619 0.034900788217783 0.0421284027397633 0.046199731528759 0.0458339415490627 0.0411015190184116 0.0518199615180492 0.0552209839224815 0.0634435713291168 0.0654051825404167 0.0787781924009323 0.0782749652862549 0.0747602954506874
0.0337645746767521 0.0116243083029985 0.00912528671324253 0.0155634079128504 0.00943971518427134 0.0149914938956499 0.00882331095635891 0.0108346166089177 0.0153345623984933 0.0196593943983316 0.0209092758595943 0.0261014010757208 0.0209092758595943 0.0196593943983316 0.0184977147728205 0.0125439744442701 0.0135208629071712 0.019056124612689 0.0212199799716473 0.0202349945902824 0.0152357639744878 0.0196056142449379 0.023929825052619 0.0266824401915073 0.0238752868026495 0.022783137857914 0.0205042324960232 0.0196262672543526 0.0188053846359253 0.0152509724721313 0.0177028607577085 0.0182475596666336 0.0182522218674421 0.0204807016998529 0.021096495911479 0.0205032378435135 0.0199314616620541 0.0205336268991232 0.0268818959593773 0.0260993801057339 0.0286506768316031 0.0335766710340977 0.0408925861120224 0.0423348508775234 0.0452561117708683 0.0499424152076244 0.0551549270749092 0.0568016171455383 0.0630101785063744 0.0728970989584923 0.0724678039550781 0.0666970461606979 0.0744780078530312 0.0740455463528633 0.0797385424375534 0.0896937102079391
-99.9 -99.9 0.0249952115118504 0.0112211331725121 0.0104639548808336 0.00825444608926773 0.0104639548808336 0.00748113170266151 0.0126160802319646 0.0184977147728205 0.0190679971128702 0.0329194068908691 0.0287926197052002 0.0215697474777699 0.0190679971128702 0.0204741656780243 0.0226196441799402 0.0244708973914385 0.0204660203307867 0.00999897625297308 0.0155331268906593 0.027579577639699 0.0216499324887991 0.0257110465317965 0.0252494551241398 0.0212441571056843 0.0209074318408966 0.0199769381433725 0.0228656232357025 0.0231946501880884 0.0241189431399107 0.0184940919280052 0.0196090936660767 0.0196171700954437 0.0185152012854815 0.0227896682918072 0.0208475925028324 0.0250113029032946 0.0355350114405155 0.0380165576934814 0.0483897812664509 0.0539097115397453 0.0624950304627419 0.0625692456960678 0.0580771267414093 0.0671675428748131 0.0750184804201126 0.0717722997069359 0.074252225458622 0.0768605619668961 0.0900261774659157 0.0934472605586052 0.0855461955070496 0.0723725855350494 0.0812985152006149 0.074570007622242
-99.9 -99.9 -99.9 0.0632201209664345 0.012954312376678 0.0140841566026211 0.00554398726671934 0.00536730978637934 0.00898136757314205 0.0119677167385817 0.0196593943983316 0.0307728927582502 0.0297629572451115 0.027860052883625 0.0229671224951744 0.016210587695241 0.0169476941227913 0.0261111222207546 0.0191214699298143 0.0193829014897346 0.0184634234756231 0.0160793401300907 0.0178541913628578 0.0181068815290928 0.0195186696946621 0.0186259038746357 0.0257813390344381 0.0261301547288895 0.0301374401897192 0.0251973047852516 0.0224414244294167 0.0157625526189804 0.0211582276970148 0.0232003349810839 0.0263027753680944 0.033010546118021 0.0418946482241154 0.046604186296463 0.060278806835413 0.0731777176260948 0.0704403817653656 0.0763164311647415 0.0734367221593857 0.0706938505172729 0.0828874036669731 0.0935841649770737 0.093213178217411 0.0928434953093529 0.0965034440159798 0.0961278900504112 0.0999918431043625 0.0996101945638657 0.0950088873505592 0.090654231607914 0.0829619467258453 0.0673527643084526
-99.9 -99.9 -99.9 0.147694319486618 0.0281917843967676 0.0149546833708882 0.00835481286048889 0.00565584469586611 0.00614423211663961 0.0094005074352026 0.0133665082976222 0.0220435652881861 0.0243518408387899 0.0251851212233305 0.0193608906120062 0.021068099886179 0.016863226890564 0.0193883441388607 0.0157743208110332 0.0170004740357399 0.0201572608202696 0.0174592509865761 0.0188276302069426 0.0333879962563515 0.0249565355479717 0.0215326752513647 0.0232516620308161 0.0207751635462046 0.0231315363198519 0.0275100581347942 0.0387908108532429 0.0388516485691071 0.049946304410696 0.0559025406837463 0.0627599880099297 0.0679405927658081 0.0736646503210068 0.0708505287766457 0.0768863558769226 0.0801932588219643 0.113351181149483 0.0993247926235199 0.0912445336580276 0.0913550704717636 0.0995528399944305 0.108508720993996 0.0990147069096565 0.112838387489319 0.11250264197588 0.102502278983593 0.0977609232068062 0.0820526853203773 0.0752385258674622 0.0613035410642624 0.0635354891419411 0.0685938149690628
-99.9 -99.9 -99.9 -99.9 0.0318412519991398 0.0226510241627693 0.0110170859843493 0.00692475959658623 0.00731375860050321 0.00968487560749054 0.0122560448944569 0.0179390255361795 0.0173587463796139 0.0162644255906343 0.0173587463796139 0.0185852311551571 0.0167846698313951 0.0199517514556646 0.0183345787227154 0.0117448940873146 0.0182109586894512 0.0196564868092537 0.0226634591817856 0.020162196829915 0.0362661741673946 0.0220558606088161 0.0254533626139164 0.0467635169625282 0.0394001118838787 0.0625410825014114 0.0681516602635384 0.0740417465567589 0.0876814648509026 0.0742042511701584 0.0842095986008644 0.0775131955742836 0.0776048004627228 0.0962187051773071 0.100702121853828 0.105456195771694 0.121266655623913 0.105720609426498 0.116009160876274 0.110916629433632 0.116158023476601 0.115968555212021 0.115701422095299 0.0715277940034866 0.0631907433271408 0.0582187660038471 0.0558191910386086 0.0535330511629581 0.0513546019792557 0.0531984604895115 0.0491224117577076 0.0489691235125065
-99.9 -99.9 -99.9 -99.9 0.0392801836133003 0.0243341792374849 0.00941876973956823 0.00621802918612957 0.0102860173210502 0.0173893142491579 0.018542792648077 0.0179390255361795 0.0162644255906343 0.0138712264597416 0.0179390255361795 0.0176699608564377 0.0184110626578331 0.0169091131538153 0.0108262682333589 0.0152650997042656 0.0164491143077612 0.0177388619631529 0.0211073327809572 0.027028501033783 0.0246991161257029 0.0249989200383425 0.0321871489286423 0.059322040528059 0.0836834460496902 0.0845024287700653 0.0779938101768494 0.0971687138080597 0.0930302888154984 0.101924903690815 0.0892264395952225 0.0976510792970657 0.0977749824523926 0.107261694967747 0.107399888336658 0.102708101272583 0.118281550705433 0.11296509206295 0.103114396333694 0.118741489946842 0.124605409801006 0.072802297770977 0.059284683316946 0.0568528734147549 0.0567200072109699 0.0503486730158329 0.0522080585360527 0.0482251271605492 0.0463148429989815 0.051852211356163 0.0582380928099155 0.0604992918670177
-99.9 -99.9 -99.9 -99.9 -99.9 0.0333103165030479 0.0183672476559877 0.00975147262215614 0.0131916385143995 0.0217582955956459 0.024368779733777 0.0191711783409119 0.0162644255906343 0.0130337020382285 0.0118880979716778 0.0162644255906343 0.0183569490909576 0.0205089021474123 0.0128317466005683 0.0151540469378233 0.0174120925366879 0.0176140312105417 0.0203058924525976 0.0279163997620344 0.0303068961948156 0.0295854527503252 0.0730589628219604 0.0964377522468567 0.106921315193176 0.102943278849125 0.113776654005051 0.0989360511302948 0.108770631253719 0.108913391828537 0.0906775072216988 0.0994518101215363 0.104318298399448 0.120563991367817 0.126827269792557 0.120890021324158 0.148214891552925 0.121218882501125 0.10517418384552 0.0839915201067924 0.0738086327910423 0.0599339492619038 0.0530903674662113 0.0509683005511761 0.0470926538109779 0.0470200031995773 0.0469492487609386 0.0487300492823124 0.0505988486111164 0.0525611639022827 0.0670017600059509 0.0641937330365181
-99.9 -99.9 -99.9 -99.9 -99.9 0.100147314369678 0.0297498013824224 0.0147021915763617 0.0138811552897096 0.01850157789886 0.0227266885340214 0.024368779733777 0.0191711783409119 0.0179390255361795 0.0138712264597416 0.0178016740828753 0.0185302011668682 0.0169673785567284 0.0155690312385559 0.0162813849747181 0.01819390617311 0.0210760533809662 0.027253083884716 0.0256966147571802 0.0322948954999447 0.0519856177270412 0.101804576814175 0.132101848721504 0.186248958110809 0.141866877675056 0.13532917201519 0.142865195870399 0.150981172919273 0.136020854115486 0.117049634456635 0.111644208431244 0.136717319488525 0.144328892230988 0.144573524594307 0.161361336708069 0.153035804629326 0.0933965295553207 0.0782007351517677 0.0688039883971214 0.060699887573719 0.0558720231056213 0.0515005961060524 0.0475342459976673 0.0456605441868305 0.0438748858869076 0.0421728454530239 0.0455002188682556 0.0511496886610985 0.0553816184401512 0.0600568540394306 0.0600032769143581
-99.9 -99.9 -99.9 -99.9 -99.9 -99.9 0.0595522746443748 0.0325840078294277 0.0244790632277727 0.0256057102233171 0.0235304366797209 0.0261564906686544 0.0252434983849525 0.024368779733777 0.0173587463796139 0.012319453060627 0.0203277729451656 0.0141661381348968 0.0130387498065829 0.0132348127663136 0.0134353833273053 0.0150375664234161 0.0157779660075903 0.0279668606817722 0.0329519100487232 0.0587246902287006 0.108482979238033 0.1215435937047 0.161321833729744 0.153956517577171 0.138831421732903 0.102596163749695 0.147239357233047 0.165021970868111 0.165404036641121 0.126483976840973 0.157055199146271 0.17645725607872 0.157784536480904 0.158149555325508 0.0953597724437714 0.0728591829538345 0.0615561380982399 0.0567366816103458 0.0544432625174522 0.0521933138370514 0.0480933263897896 0.0461524650454521 0.0443047061562538 0.0425452180206776 0.0424825176596642 0.0424222648143768 0.0476783141493797 0.0516085736453533 0.0559478886425495 0.0536286607384682
-99.9 -99.9 -99.9 -99.9 -99.9 -99.9 0.574172019958496 0.0834651440382004 0.0419744066894054 0.0361469350755215 0.033805288374424 0.0313705913722515 0.0252434983849525 0.0205066502094269 0.0205066502094269 0.0201701037585735 0.0132237765938044 0.0143992509692907 0.0193910896778107 0.0171196032315493 0.0146734686568379 0.0154502196237445 0.0147028360515833 0.0204073004424572 0.0724440440535545 0.0640878081321716 0.0781299099326134 0.106133282184601 0.188021257519722 0.248821184039116 0.13506481051445 0.160173714160919 0.135894328355789 0.116423450410366 0.181887477636337 0.171819195151329 0.172321736812592 0.163046911358833 0.163527026772499 0.0806947350502014 0.0707647874951363 0.0623356774449348 0.0574836283922195 0.0552375763654709 0.0529682449996471 0.0507450848817825 0.0486324615776539 0.0466242954134941 0.0447146482765675 0.0412420555949211 0.0428233854472637 0.0427509509027004 0.0444112718105316 0.046154648065567 0.0460848584771156 0.0460172295570374
-99.9 -99.9 -99.9 -99.9 -99.9 -99.9 -99.9 -99.9 -99.9 -99.9 0.0592943765223026 0.0364742539823055 0.0313705913722515 0.0291458629071712 0.028105465695262 0.0208050962537527 0.0178631003946066 0.0146741857752204 0.0166678428649902 0.0212135948240757 0.0200835429131985 0.0197483617812395 0.0209022760391235 0.025721812620759 0.0252501405775547 0.0470264106988907 0.112193413078785 0.108012221753597 0.11552981287241 0.197557091712952 0.244771242141724 0.175927296280861 0.214076280593872 0.247243568301201 0.167399719357491 0.168002039194107 0.158983871340752 0.134841993451118 0.109740056097507 0.0785875543951988 0.0659017711877823 0.058114442974329 0.0609442740678787 0.0560745224356651 0.0515179894864559 0.0514054223895073 0.0512954331934452 0.0471361726522446 0.0470376573503017 0.0415856875479221 0.0398845300078392 0.0414189659059048 0.0430300496518612 0.0447223000228405 0.0446421056985855 0.0445644557476044
-99.9 -99.9 -99.9 -99.9 -99.9 -99.9 -99.9 -99.9 -99.9 -99.9 -99.9 -99.9 0.0319995284080505 0.0249415654689074 0.0239571332931519 0.0250041000545025 0.0170088708400726 0.0161475967615843 0.0171546991914511 0.0151502219960093 0.0155078209936619 0.0231023859232664 0.0403010807931423 0.0377559065818787 0.0300860293209553 0.0272924825549126 0.0258133318275213 0.0263847447931767 0.0619736686348915 0.0659487172961235 0.114491030573845 0.0935789346694946 0.0988909751176834 0.116098634898663 0.154077440500259 0.146038070321083 0.138607412576675 0.118268005549908 0.0968086048960686 0.0801763460040092 0.0641071498394012 0.0565180405974388 0.0521840192377567 0.0461630336940289 0.048047598451376 0.0459840781986713 0.0478069633245468 0.0497252605855465 0.0456467568874359 0.0403012484312057 0.0386281572282314 0.0401160940527916 0.041678860783577 0.043320544064045 0.045045830309391 0.0468597896397114
-99.9 -99.9 -99.9 -99.9 -99.9 -99.9 -99.9 -99.9 -99.9 -99.9 -99.9 -99.9 -99.9 0.0304691158235073 0.0200226549059153 0.0176932960748672 0.02053009159863 0.0194336418062449 0.0216137263923883 0.0174949411302805 0.0201794430613518 0.0233239941298962 0.0397122353315353 0.0561061799526215 0.063128262758255 0.0425430610775948 0.0264028608798981 0.0292902868241072 0.0367728918790817 0.0407844670116901 0.0511897206306458 0.0645845979452133 0.0825037583708763 0.079030342400074 0.0834735184907913 0.0762119293212891 0.0844553709030151 0.103865183889866 0.074003241956234 0.0780584067106247 0.0570343881845474 0.0426182188093662 0.0486386008560658 0.0508908182382584 0.050807561725378 0.0485579445958138 0.0505250655114651 0.0462985783815384 0.0424880050122738 0.039046011865139 0.0389431864023209 0.0388433039188385 0.0403582863509655 0.0402603559195995 0.0436233803629875 0.0453828312456608
-99.9 -99.9 -99.9 -99.9 -99.9 -99.9 -99.9 -99.9 -99.9 -99.9 -99.9 -99.9 -99.9 -99.9 -99.9 0.0250994004309177 0.02045120857656 0.0193668883293867 0.0191348288208246 0.0196967031806707 0.0194670688360929 0.0304689221084118 0.0327036082744598 0.0259931739419699 0.0256337150931358 0.023334838449955 0.0176211502403021 0.0236974135041237 0.104700855910778 0.053156416863203 0.0787694156169891 0.0684793069958687 0.0627176463603973 0.0694439932703972 0.0699321106076241 0.0447606109082699 0.0336702354252338 0.0257649328559637 0.0342264026403427 0.0575000047683716 0.0579293370246887 0.0534081943333149 0.0643584951758385 0.0707787126302719 0.0538754798471928 0.0492406412959099 0.0470294393599033 0.0430825352668762 0.0395244359970093 0.037820503115654 0.0377094373106956 0.039178591221571 0.0390694439411163 0.0406122133135796 0.0440536327660084 0.0458501651883125
-99.9 -99.9 -99.9 -99.9 -99.9 -99.9 -99.9 -99.9 -99.9 -99.9 -99.9 -99.9 -99.9 -99.9 -99.9 0.0680002719163895 0.033354289829731 0.0222528800368309 0.0225990526378155 0.0239962562918663 0.0266687721014023 0.0216732621192932 0.0324346013367176 0.0375362224876881 0.0416284017264843 0.035302959382534 0.0342645682394505 0.0347317680716515 0.0142958201467991 0.0140385068953037 0.0111907357349992 0.013907216489315 0.0174296405166388 0.0141852255910635 0.018443001434207 0.032098650932312 0.0168668776750565 0.0220709424465895 0.0166138336062431 0.044713169336319 0.0537948943674564 0.0621797405183315 0.0626980438828468 0.0502689778804779 0.0440593510866165 0.0420805886387825 0.040206290781498 0.0400680936872959 0.0399330779910088 0.0398015826940536 0.0413802303373814 0.0412501655519009 0.042909063398838 0.0446551889181137 0.046493761241436 0.0483759976923466
-99.9 -99.9 -99.9 -99.9 -99.9 -99.9 -99.9 -99.9 -99.9 -99.9 -99.9 -99.9 -99.9 -99.9 -99.9 0.0988859683275223 0.0721810981631279 0.0458668880164623 0.0209405943751335 0.0251637101173401 0.0304691158235073 0.0290242154151201 0.0343409553170204 0.0400694608688354 0.0526564233005047 0.0578954815864563 0.0502550825476646 0.05519974604249 0.0607550218701363 0.0593788176774979 0.0693645179271698 0.0603220723569393 0.0742754638195038 0.0830618813633919 0.0620036572217941 0.0596408657729626 0.0399545952677727 0.0504312738776207 0.0613199397921562 0.0411893539130688 0.0323143154382706 0.0524202063679695 0.05788504332304 0.0484348870813847 0.048230241984129 0.0459053181111813 0.047723364084959 0.0474758297204971 0.0472320467233658 0.046992301940918 0.0428117029368877 0.044508196413517 0.0462963581085205 0.046071968972683 0.0479520820081234 0.0520498678088188
-99.9 -99.9 -99.9 -99.9 -99.9 -99.9 -99.9 -99.9 -99.9 -99.9 -99.9 -99.9 -99.9 -99.9 -99.9 -99.9 0.13054758310318 0.0988859683275223 0.0484099984169006 0.0434870012104511 0.0434870012104511 0.0540433898568153 0.0480689033865929 0.0607550218701363 0.0670166984200478 0.0741003900766373 0.0913316234946251 0.0779933929443359 0.0821472033858299 0.0672901123762131 0.0661366954445839 0.0740853026509285 0.103829875588417 0.0796121060848236 0.0724219307303429 0.0731318220496178 0.0701851546764374 0.0323421843349934 0.0327227190136909 0.0345483496785164 0.0397896245121956 0.0353638418018818 0.0530720315873623 0.061031449586153 0.066716842353344 0.0600885003805161 0.0542112626135349 0.0489878840744495 0.0463949628174305 0.0439532250165939 0.0456079505383968 0.0452222488820553 0.0448414422571659 0.0465687364339828 0.0507332049310207 0.0573800727725029
-99.9 -99.9 -99.9 -99.9 -99.9 -99.9 -99.9 -99.9 -99.9 -99.9 -99.9 -99.9 -99.9 -99.9 -99.9 -99.9 -99.9 0.13054758310318 0.13054758310318 0.0988859683275223 0.0766955688595772 0.0721810981631279 0.0772713720798492 0.101872801780701 0.114051319658756 0.114051319658756 0.0964167639613152 0.0865847244858742 0.120865061879158 0.156242579221725 0.0823759138584137 0.0787807703018188 0.0714958757162094 0.0950583219528198 0.0960160121321678 0.102675884962082 0.0979468822479248 0.058504294604063 0.0511715263128281 0.0471247173845768 0.0476894862949848 0.0440322197973728 0.0464052371680737 0.0484023243188858 0.0525581687688828 0.0519346557557583 0.0513183586299419 0.0483572408556938 0.0477765649557114 0.0450242534279823 0.0466357991099358 0.0507414489984512 0.0526688992977142 0.0520551614463329 0.0568804033100605 0.0703435093164444
-99.9 -99.9 -99.9 -99.9 -99.9 -99.9 -99.9 -99.9 -99.9 -99.9 -99.9 -99.9 -99.9 -99.9 -99.9 -99.9 0.140634298324585 0.13054758310318 0.178821712732315 0.13054758310318 0.113217256963253 0.0412576906383038 0.0626525580883026 0.13180960714817 0.0957786217331886 0.151428952813148 0.13180960714817 0.123306058347225 0.0331529080867767 0.0936330854892731 0.0832361876964569 0.0891726538538933 0.0325099267065525 0.102528519928455 0.110048674046993 0.0519348047673702 0.0890486836433411 0.0851613134145737 0.0815321728587151 0.0781386345624924 0.0610615946352482 0.0588167570531368 0.0563274174928665 0.0559487715363503 0.0579305812716484 0.0570652149617672 0.0591033734381199 0.0582243613898754 0.0603659972548485 0.0660286694765091 0.0765598118305206 0.0798306912183762 0.0833391100168228 0.0776307135820389 0.091166265308857 0.087409995496273
-99.9 -99.9 -99.9 -99.9 -99.9 -99.9 -99.9 -99.9 -99.9 -99.9 -99.9 -99.9 -99.9 -99.9 -99.9 -99.9 -99.9 -99.9 0.178183227777481 0.178183227777481 0.12982851266861 0.0978810489177704 0.129115387797356 0.118571020662785 0.0458669997751713 0.110323965549469 0.0897407978773117 0.0787304490804672 0.061385627835989 0.0802005454897881 0.0893634483218193 0.0717585161328316 0.0554205477237701 0.0736134946346283 0.105806723237038 0.05770668014884 0.0906009525060654 0.062439888715744 0.0783838108181953 0.0712232068181038 0.0684180110692978 0.0770489946007729 0.0733949765563011 0.0767186060547829 0.0754569619894028 0.0783349648118019 0.0770055055618286 0.0800479725003242 0.0786896422505379 0.0819108709692955 0.0760113373398781 0.07469192892313 0.0692971125245094 0.0680588781833649 0.0708145648241043 0.0692960172891617
