data/Strathclyde_European_Shelf_Data/TidalVelMean.asc
NCOLS 200
NROWS 150
XLLCORNER -16
YLLCORNER 44
CELLSIZE 0.125
NODATA_VALUE -99.9
[rows 104 to 129 of 150, columns 59 to 117 of 200]
31.1619930267334 34.7324104309082 34.2174835205078 32.1196060180664 29.2403030395508 32.7093467712402 34.0681037902832 37.1326217651367 36.3879051208496 32.3534545898438 26.9310150146484 30.7529449462891 34.9352035522461 31.2669486999512 35.4824256896973 37.7646217346191 39.7091827392578 43.0233688354492 42.4949188232422 38.3348007202148 37.8387222290039 38.0772705078125 37.1799545288086 36.7256202697754 36.0162734985352 38.1829299926758 41.2784729003906 43.9942893981934 43.379695892334 39.2542572021484 38.1695823669434 37.5757064819336 37.2043380737305 37.3374252319336 37.798225402832 38.4224090576172 39.323558807373 40.4459609985352 40.8255729675293 41.8870697021484 43.735954284668 45.4967155456543 45.5239410400391 52.1932144165039 53.4553718566895 58.958869934082 64.0104446411133 70.1671524047852 64.8453598022461 94.8005676269531 85.3477249145508 77.4049453735352 145.657241821289 -99.9 -99.9 -99.9 44.9978790283203 -99.9 -99.9
32.4691963195801 34.3759460449219 35.6263847351074 36.3963661193848 35.4127922058105 35.6152229309082 38.2400970458984 40.9481010437012 32.7165069580078 33.1845207214355 33.0110130310059 31.2846164703369 36.0737075805664 37.171573638916 38.1340827941895 41.246524810791 47.177173614502 41.1563262939453 40.7631187438965 39.2090072631836 39.1475639343262 39.5228652954102 39.4853210449219 39.3795776367188 38.9059295654297 38.7210693359375 42.8134765625 47.1849098205566 48.6055297851562 43.6407814025879 40.3484649658203 41.3349838256836 40.0671501159668 40.1746597290039 41.0304412841797 41.5583343505859 41.7585639953613 42.7813987731934 44.1727752685547 44.9066772460938 47.7663841247559 48.5328559875488 50.1876411437988 52.1059112548828 56.1964988708496 58.6264457702637 63.1824035644531 78.8637390136719 64.5020217895508 73.8019638061523 69.3396530151367 75.2368850708008 72.3129043579102 59.9807472229004 -99.9 -99.9 -99.9 -99.9 -99.9
32.4095611572266 33.1520309448242 34.1218109130859 35.4444541931152 34.3910179138184 34.5184631347656 35.5069351196289 36.374324798584 35.9766540527344 35.8315277099609 35.8607139587402 35.3852615356445 36.093433380127 37.0937767028809 37.5722999572754 38.035343170166 38.8114624023438 39.4997444152832 39.806713104248 39.8488998413086 40.4199981689453 40.5939559936523 40.9434585571289 40.9432487487793 40.5016326904297 40.6282424926758 41.5342788696289 43.0236129760742 44.0866050720215 44.0647354125977 43.4286842346191 43.6061935424805 43.4911079406738 43.5629425048828 44.3689498901367 44.4907722473145 45.1265411376953 45.1431999206543 47.4209861755371 47.4176864624023 48.1590347290039 50.8955574035645 53.1160736083984 55.1693649291992 57.0589332580566 61.9513893127441 70.6974182128906 45.7049827575684 -99.9 63.2637176513672 61.197151184082 73.3451766967773 65.1289367675781 50.6059112548828 -99.9 -99.9 -99.9 -99.9 -99.9
33.6831283569336 33.7909660339355 34.642505645752 35.1100883483887 34.4117202758789 34.9145126342773 36.1414604187012 36.0441703796387 35.9941139221191 36.0039215087891 36.3013038635254 36.5985374450684 37.2986450195312 38.0041198730469 38.568172454834 39.0152168273926 39.4916915893555 40.0380973815918 40.4808540344238 41.095630645752 41.5085144042969 42.0119361877441 42.5529403686523 43.3144950866699 43.5955657958984 43.4445190429688 44.5279273986816 45.1167869567871 45.1193580627441 45.9711570739746 45.9086074829102 45.9943542480469 46.4475364685059 46.5564422607422 47.9066772460938 48.4704170227051 48.3691558837891 48.0958824157715 49.0791015625 51.702335357666 52.5533027648926 54.6155052185059 58.5649108886719 61.1367454528809 61.9788513183594 65.1491241455078 70.2685089111328 70.842041015625 56.7198066711426 63.3449325561523 80.4968185424805 67.9590454101562 105.534820556641 93.0507431030273 66.3295288085938 -99.9 -99.9 -99.9 -99.9
34.4528121948242 35.3137512207031 35.942798614502 35.487476348877 35.2401084899902 35.0178260803223 35.5524673461914 35.8581619262695 36.0317077636719 35.9555473327637 36.5829620361328 37.1718139648438 38.0773811340332 38.6938362121582 39.2333869934082 39.7197074890137 40.258960723877 41.0667686462402 41.6846961975098 42.2866249084473 43.4113540649414 43.6439781188965 44.5771751403809 45.2292289733887 45.6904335021973 46.7371406555176 47.1572570800781 47.3407936096191 47.8743209838867 48.7861938476562 48.2774238586426 49.2873268127441 49.9755516052246 50.4497108459473 50.3699417114258 50.8072090148926 51.4032554626465 52.0075492858887 53.619686126709 55.6047630310059 57.3579711914062 60.0438919067383 63.0939483642578 66.67431640625 69.0453186035156 70.3698883056641 76.1012573242188 69.8422546386719 62.7264823913574 63.6354293823242 60.6785049438477 -99.9 -99.9 58.9071960449219 55.696704864502 54.5155792236328 -99.9 -99.9 -99.9
35.3026390075684 35.8007469177246 36.190299987793 36.6005020141602 35.1025619506836 34.949836730957 35.5355949401855 35.6949615478516 35.9658699035645 36.4405097961426 37.1440124511719 37.8321685791016 38.6507034301758 39.1007041931152 39.8732948303223 40.1529006958008 40.8350448608398 41.5392112731934 42.7619132995605 43.4942512512207 44.5941162109375 45.4766426086426 46.5355987548828 46.8213920593262 48.1705093383789 49.3777351379395 49.7826957702637 50.2486267089844 51.2154083251953 51.9195137023926 52.2560997009277 52.2827453613281 53.8406524658203 53.7934341430664 53.655403137207 53.8016166687012 54.3098678588867 54.7168807983398 57.0355377197266 60.0480728149414 62.3971672058105 65.0471496582031 68.7331161499023 74.0430603027344 75.5477828979492 71.7829437255859 101.176124572754 70.0470657348633 65.0592193603516 63.0601577758789 68.8241271972656 110.011940002441 99.5712280273438 108.010597229004 62.6254577636719 46.7021675109863 -99.9 -99.9 -99.9
37.6090812683105 37.0955810546875 35.587646484375 35.7039451599121 35.2160224914551 34.5839309692383 34.6932487487793 34.9558181762695 35.5232353210449 36.3107948303223 36.9322242736816 37.7255744934082 38.6135635375977 39.1282196044922 40.2125778198242 40.6971893310547 41.6362571716309 42.7755241394043 43.4432640075684 44.4168739318848 45.3601570129395 46.9616432189941 48.3202819824219 49.6800346374512 50.2018089294434 51.863525390625 53.3790855407715 54.0495986938477 54.8913841247559 56.0422744750977 56.203125 58.1219749450684 57.2678909301758 57.9694862365723 57.3954048156738 57.4540901184082 57.7465744018555 56.9470748901367 58.4091033935547 63.5557823181152 67.8426055908203 73.78173828125 66.5248336791992 78.5215148925781 96.1523056030273 104.281265258789 93.0628356933594 77.0166244506836 71.15966796875 72.0006332397461 92.9471588134766 71.1766738891602 43.8304672241211 42.7796478271484 68.1905288696289 51.5766105651855 -99.9 -99.9 -99.9
39.1956367492676 37.6150970458984 35.9153099060059 35.5530624389648 34.944507598877 33.8952751159668 34.2842597961426 34.1204872131348 34.5414924621582 35.7627334594727 36.7548217773438 37.5163993835449 39.004222869873 39.6797866821289 40.5370483398438 41.4723510742188 42.1709671020508 43.1117668151855 43.7113265991211 45.0898971557617 46.8686370849609 49.3604354858398 50.425106048584 51.390079498291 54.3411026000977 55.1648139953613 56.8782539367676 59.3029289245605 59.499626159668 61.427318572998 62.9729652404785 64.220100402832 64.1718902587891 63.9566040039062 60.643627166748 60.3971862792969 66.803352355957 57.2193641662598 53.6449851989746 47.0484085083008 -99.9 -99.9 -99.9 -99.9 -99.9 58.3634376525879 59.0207786560059 62.9780921936035 67.4540023803711 73.6963119506836 90.8587951660156 108.327056884766 105.487098693848 88.6891784667969 74.8378448486328 62.2790946960449 -99.9 -99.9 -99.9
42.0112228393555 39.8207550048828 37.181022644043 34.6155891418457 33.2010917663574 32.1892623901367 32.4673728942871 32.093692779541 33.4209861755371 34.5205078125 35.6449241638184 36.6339912414551 37.7170486450195 40.2968826293945 40.5136566162109 41.857048034668 42.6224060058594 43.6766395568848 43.9467658996582 46.2635231018066 47.8214721679688 50.2794189453125 51.9977531433105 55.1306076049805 55.6269111633301 58.8263168334961 60.7476348876953 65.1009521484375 66.4645156860352 67.1480178833008 71.712043762207 75.141471862793 75.6744079589844 59.8613433837891 16.2222232818604 -99.9 -99.9 -99.9 -99.9 -99.9 -99.9 -99.9 -99.9 -99.9 -99.9 -99.9 38.8237228393555 48.2777404785156 35.0065116882324 47.4725379943848 -99.9 51.0099716186523 48.2906188964844 -99.9 55.8571434020996 136.627960205078 -99.9 -99.9 -99.9
42.457218170166 41.156421661377 37.8571891784668 34.6617202758789 30.9823188781738 30.4061279296875 30.9518070220947 31.1182994842529 32.0923919677734 33.1502227783203 34.7219429016113 36.0496520996094 38.5116844177246 40.8235130310059 42.2705459594727 43.1326675415039 45.3517837524414 45.6696357727051 45.9448585510254 43.9336624145508 46.0297584533691 49.2603988647461 53.7676467895508 55.8775444030762 59.925724029541 65.4041519165039 68.7607574462891 73.13623046875 68.7743682861328 71.3419952392578 87.1469497680664 -99.9 -99.9 -99.9 -99.9 -99.9 -99.9 -99.9 -99.9 -99.9 -99.9 -99.9 -99.9 -99.9 -99.9 -99.9 -99.9 -99.9 -99.9 -99.9 -99.9 -99.9 -99.9 -99.9 -99.9 -99.9 -99.9 -99.9 -99.9
25.3477897644043 24.9180641174316 27.1317977905273 29.5031318664551 31.1198253631592 32.6711463928223 35.229663848877 36.9573516845703 37.0861053466797 37.6583366394043 38.4861068725586 40.6386184692383 45.1671104431152 48.3730735778809 48.1811599731445 50.5027542114258 57.0639152526855 60.4775238037109 55.7888717651367 54.0528793334961 59.6175193786621 61.7625350952148 57.1428871154785 56.5389518737793 58.3707885742188 57.8873062133789 56.5132789611816 64.5151901245117 78.9720611572266 108.609359741211 134.482528686523 -99.9 -99.9 -99.9 -99.9 -99.9 -99.9 -99.9 -99.9 -99.9 -99.9 -99.9 -99.9 -99.9 -99.9 -99.9 -99.9 -99.9 -99.9 -99.9 -99.9 -99.9 -99.9 -99.9 -99.9 -99.9 -99.9 -99.9 -99.9
17.7871646881104 20.1374282836914 23.9774322509766 26.903356552124 28.6830024719238 30.7408866882324 33.2632369995117 35.3596839904785 36.2138710021973 37.1314582824707 38.7811393737793 40.7736778259277 43.0089263916016 44.6904640197754 45.2664604187012 46.8905296325684 50.1515235900879 53.2354011535645 58.2800979614258 62.9140625 64.8870849609375 63.7221832275391 58.1724662780762 54.8684196472168 53.6199111938477 53.9150314331055 55.6183242797852 56.895866394043 59.8496360778809 64.8207397460938 112.806098937988 65.7207794189453 -99.9 -99.9 -99.9 -99.9 -99.9 -99.9 -99.9 -99.9 -99.9 -99.9 -99.9 -99.9 -99.9 -99.9 -99.9 -99.9 -99.9 -99.9 -99.9 -99.9 -99.9 -99.9 -99.9 -99.9 -99.9 -99.9 -99.9
7.92442035675049 11.1187515258789 14.6484842300415 17.883960723877 21.0311241149902 25.3565196990967 30.4410629272461 34.3448181152344 35.8249359130859 37.1295509338379 38.7944641113281 40.7697105407715 42.8805809020996 44.5486793518066 45.1837348937988 46.2610702514648 48.1508750915527 49.9573364257812 54.2013893127441 59.7869911193848 62.6786270141602 61.8502082824707 56.6753540039062 52.9776458740234 50.9798393249512 50.9189262390137 52.624454498291 53.4391059875488 55.0445747375488 57.7623291015625 58.5417022705078 56.2473602294922 55.1282386779785 -99.9 -99.9 -99.9 -99.9 -99.9 -99.9 -99.9 -99.9 -99.9 -99.9 -99.9 -99.9 -99.9 -99.9 -99.9 -99.9 -99.9 -99.9 -99.9 -99.9 -99.9 -99.9 -99.9 -99.9 -99.9 -99.9
-99.9 -99.9 -99.9 11.3319396972656 14.154465675354 19.1681156158447 26.5495185852051 32.726245880127 34.6520462036133 36.6454010009766 38.7760810852051 41.5599212646484 44.8903656005859 47.1059722900391 47.7176666259766 47.9351654052734 48.0160827636719 47.2033157348633 46.1311073303223 49.5719795227051 55.7432136535645 56.9912376403809 53.9358558654785 51.5189094543457 49.8138694763184 49.3095016479492 49.9391555786133 51.5371360778809 56.193359375 64.4487152099609 84.8771209716797 -99.9 -99.9 -99.9 -99.9 -99.9 -99.9 -99.9 -99.9 -99.9 -99.9 -99.9 -99.9 -99.9 -99.9 -99.9 -99.9 -99.9 -99.9 -99.9 -99.9 -99.9 -99.9 -99.9 -99.9 -99.9 -99.9 -99.9 -99.9
-99.9 -99.9 -99.9 -99.9 -99.9 11.174901008606 14.2922019958496 17.5930557250977 21.8075695037842 28.0680065155029 35.2709922790527 41.5749778747559 45.4018173217773 47.880989074707 48.5799674987793 48.3640670776367 47.1555213928223 46.1015663146973 45.5375061035156 48.0693130493164 52.6399688720703 53.5479354858398 51.7209510803223 50.080379486084 48.3820648193359 47.3652725219727 47.245964050293 47.9651184082031 50.5959320068359 55.0585060119629 66.8299865722656 58.9925804138184 18.1493473052979 9.4049129486084 -99.9 -99.9 -99.9 -99.9 -99.9 -99.9 -99.9 -99.9 -99.9 -99.9 -99.9 -99.9 -99.9 -99.9 -99.9 -99.9 -99.9 -99.9 -99.9 -99.9 -99.9 -99.9 -99.9 -99.9 -99.9
-99.9 -99.9 -99.9 -99.9 -99.9 -99.9 -99.9 -99.9 12.4898767471313 19.3761692047119 29.6933479309082 40.4731597900391 45.0672035217285 47.4481582641602 47.2388648986816 47.5614433288574 47.5521278381348 47.4552345275879 47.9748687744141 49.3486251831055 51.6057167053223 52.0003395080566 50.3746032714844 48.8580093383789 47.0571365356445 45.3038749694824 44.2218589782715 42.9223213195801 41.5574989318848 39.7928771972656 38.6153221130371 32.7980918884277 21.0551586151123 16.8187942504883 -99.9 -99.9 29.0568199157715 24.0735454559326 -99.9 -99.9 -99.9 -99.9 -99.9 -99.9 -99.9 -99.9 -99.9 -99.9 -99.9 -99.9 -99.9 -99.9 -99.9 -99.9 -99.9 -99.9 -99.9 -99.9 -99.9
-99.9 -99.9 -99.9 -99.9 -99.9 -99.9 -99.9 -99.9 -99.9 8.22876644134521 12.5313453674316 17.6021614074707 20.6754150390625 24.177001953125 29.766658782959 35.9576683044434 38.8011932373047 42.2328834533691 47.1737442016602 50.7497978210449 52.3115692138672 52.5060768127441 50.7123718261719 48.7610969543457 46.4944343566895 43.5503463745117 40.7717933654785 38.1999244689941 35.6901473999023 32.7339324951172 30.1292896270752 28.1126003265381 24.4960861206055 22.3624839782715 23.517557144165 24.3493366241455 24.4345016479492 19.765266418457 12.580753326416 7.69400310516357 4.00394678115845 -99.9 -99.9 -99.9 -99.9 -99.9 -99.9 -99.9 -99.9 -99.9 -99.9 -99.9 -99.9 -99.9 -99.9 -99.9 -99.9 -99.9 -99.9
-99.9 -99.9 -99.9 -99.9 -99.9 -99.9 -99.9 -99.9 -99.9 -99.9 -99.9 7.72541666030884 -99.9 11.3894424438477 16.3823299407959 23.9848041534424 28.4527034759521 35.1761589050293 46.4302062988281 54.3019485473633 53.4724960327148 53.3741493225098 53.9037895202637 52.3003005981445 48.4943695068359 43.2499008178711 37.9495086669922 34.6965827941895 32.9764747619629 30.3917217254639 27.5154876708984 25.4187965393066 23.7999420166016 22.9114723205566 22.3964004516602 21.1079521179199 18.7490234375 16.2844142913818 14.2011880874634 11.7968683242798 9.08123016357422 8.46653079986572 9.14753913879395 7.41287994384766 -99.9 -99.9 -99.9 -99.9 -99.9 -99.9 -99.9 -99.9 -99.9 -99.9 -99.9 -99.9 -99.9 -99.9 -99.9
-99.9 -99.9 -99.9 -99.9 -99.9 -99.9 -99.9 -99.9 -99.9 -99.9 -99.9 -99.9 -99.9 -99.9 -99.9 -99.9 -99.9 11.6106271743774 16.7088603973389 22.6592693328857 30.1807041168213 36.2933387756348 33.5437126159668 34.5296363830566 39.4597930908203 41.2813301086426 36.8865585327148 33.9026947021484 32.7174797058105 30.6174259185791 27.9112510681152 25.5933799743652 23.6799449920654 22.3838710784912 21.3041610717773 19.8691177368164 17.896484375 16.3161182403564 15.2571077346802 14.022292137146 12.3738918304443 11.3664131164551 10.5937662124634 9.21588611602783 8.23923683166504 6.76258659362793 4.60904788970947 10.3004846572876 26.2386207580566 -99.9 -99.9 -99.9 -99.9 -99.9 -99.9 -99.9 -99.9 -99.9 -99.9
-99.9 -99.9 -99.9 -99.9 -99.9 -99.9 -99.9 -99.9 -99.9 -99.9 -99.9 -99.9 -99.9 -99.9 -99.9 -99.9 -99.9 -99.9 -99.9 -99.9 15.0480480194092 21.8828315734863 19.7611598968506 21.2525100708008 28.3046016693115 37.115478515625 36.0079574584961 34.2834854125977 33.882869720459 32.3806228637695 29.5642509460449 26.9121055603027 24.4647998809814 22.9363880157471 22.0606918334961 20.6056823730469 18.5013523101807 16.9963474273682 15.8811187744141 14.8147020339966 13.7795362472534 13.2988348007202 13.5183868408203 -99.9 -99.9 17.6275939941406 16.6623306274414 21.1363143920898 36.1994018554688 -99.9 -99.9 -99.9 -99.9 -99.9 -99.9 -99.9 -99.9 -99.9 -99.9
-99.9 -99.9 -99.9 -99.9 -99.9 -99.9 -99.9 -99.9 -99.9 -99.9 -99.9 -99.9 -99.9 -99.9 -99.9 -99.9 -99.9 -99.9 -99.9 -99.9 -99.9 -99.9 -99.9 -99.9 16.8078517913818 23.5161724090576 27.6140441894531 31.2067203521729 33.769229888916 33.6990127563477 29.8943881988525 26.8799362182617 24.5892868041992 23.1696624755859 22.3888397216797 21.1593208312988 19.4128532409668 18.1239986419678 17.1362285614014 16.2427635192871 15.5051555633545 15.275559425354 15.8204870223999 17.1914005279541 20.6860294342041 23.9152317047119 23.3664894104004 25.9491443634033 35.9918060302734 38.8731498718262 25.9748210906982 -99.9 -99.9 -99.9 -99.9 -99.9 -99.9 -99.9 -99.9
-99.9 -99.9 -99.9 -99.9 -99.9 -99.9 -99.9 -99.9 -99.9 -99.9 -99.9 -99.9 -99.9 -99.9 -99.9 -99.9 -99.9 -99.9 -99.9 -99.9 -99.9 -99.9 -99.9 -99.9 9.5001163482666 13.1913185119629 18.3253383636475 26.552921295166 32.2324676513672 33.3564529418945 28.0758838653564 25.0310192108154 23.7982273101807 22.9603385925293 22.1565685272217 21.4575214385986 20.8276309967041 20.0685214996338 19.251293182373 18.24440574646 17.0294933319092 16.2382335662842 15.8658199310303 16.3380928039551 18.3757953643799 20.5802268981934 22.0725269317627 24.7797451019287 30.1972885131836 34.0901832580566 31.9589538574219 23.8877544403076 -99.9 -99.9 -99.9 -99.9 -99.9 -99.9 -99.9
-99.9 -99.9 -99.9 -99.9 -99.9 -99.9 -99.9 -99.9 -99.9 -99.9 -99.9 -99.9 -99.9 -99.9 -99.9 -99.9 -99.9 -99.9 -99.9 -99.9 -99.9 -99.9 -99.9 -99.9 -99.9 -99.9 -99.9 13.724760055542 19.3929176330566 24.0437698364258 23.2919158935547 22.7398548126221 22.6854095458984 22.6348686218262 22.048397064209 21.7754135131836 21.6711463928223 21.1232643127441 20.5390300750732 19.6429462432861 18.327018737793 17.2493515014648 16.327054977417 16.1876640319824 17.0864295959473 18.2159461975098 19.7924919128418 21.9644050598145 25.2939014434814 29.1552715301514 32.2527275085449 -99.9 -99.9 -99.9 -99.9 -99.9 -99.9 -99.9 -99.9
-99.9 -99.9 -99.9 -99.9 -99.9 -99.9 -99.9 -99.9 -99.9 -99.9 -99.9 -99.9 -99.9 -99.9 -99.9 -99.9 -99.9 -99.9 -99.9 -99.9 -99.9 -99.9 -99.9 -99.9 -99.9 -99.9 -99.9 -99.9 10.4549617767334 14.9138717651367 17.4485740661621 19.8872375488281 21.2324237823486 22.3228816986084 22.4565582275391 22.5743885040283 22.3071594238281 21.5097141265869 21.0102729797363 20.4445171356201 19.6274814605713 18.6059589385986 17.3030624389648 16.513729095459 16.2373199462891 16.4443283081055 17.2539443969727 18.4846382141113 20.8252563476562 24.0619411468506 29.9353885650635 33.1289024353027 -99.9 -99.9 -99.9 -99.9 -99.9 -99.9 -99.9
-99.9 -99.9 -99.9 -99.9 -99.9 -99.9 -99.9 -99.9 -99.9 -99.9 -99.9 -99.9 -99.9 -99.9 -99.9 -99.9 -99.9 -99.9 -99.9 -99.9 -99.9 -99.9 -99.9 -99.9 -99.9 -99.9 -99.9 -99.9 -99.9 -99.9 8.95308685302734 13.5745916366577 18.6955471038818 23.4222373962402 24.7682361602783 25.0552940368652 23.5711059570312 21.919376373291 20.9714870452881 20.3455677032471 19.7467002868652 18.905216217041 17.7965431213379 16.8303661346436 16.0041618347168 15.7728824615479 16.1539745330811 16.8145503997803 18.0522079467773 19.877124786377 -99.9 25.5382423400879 21.440393447876 -99.9 -99.9 -99.9 -99.9 -99.9 -99.9
-99.9 -99.9 -99.9 -99.9 -99.9 -99.9 -99.9 -99.9 -99.9 -99.9 -99.9 -99.9 -99.9 -99.9 -99.9 -99.9 -99.9 -99.9 -99.9 -99.9 -99.9 -99.9 -99.9 -99.9 -99.9 -99.9 -99.9 -99.9 -99.9 -99.9 4.77018594741821 8.90548324584961 16.7357578277588 29.3587341308594 32.8915863037109 31.2190952301025 24.4198760986328 20.6934127807617 20.1371669769287 19.7896404266357 18.8870105743408 18.1801300048828 17.8318881988525 17.1615428924561 16.1703319549561 15.7592000961304 15.9980230331421 16.3201923370361 16.4980354309082 17.0082092285156 18.4632053375244 18.6801452636719 16.1173191070557 11.5450210571289 -99.9 -99.9 -99.9 -99.9 -99.9
