data/Strathclyde_European_Shelf_Data/TidalVelMean.asc
NCOLS 200
NROWS 150
XLLCORNER -16
YLLCORNER 44
CELLSIZE 0.125
NODATA_VALUE -99.9
[rows 78 to 103 of 150, columns 59 to 117 of 200]
-99.9 -99.9 -99.9 -99.9 -99.9 -99.9 -99.9 -99.9 -99.9 -99.9 -99.9 -99.9 -99.9 -99.9 -99.9 -99.9 -99.9 -99.9 -99.9 -99.9 -99.9 79.1023483276367 68.6150283813477 78.1031265258789 77.4053497314453 76.7979202270508 69.6245727539062 66.0275573730469 68.0880126953125 67.8107528686523 67.6790237426758 56.2238922119141 -99.9 -99.9 -99.9 -99.9 -99.9 -99.9 -99.9 -99.9 -99.9 -99.9 -99.9 -99.9 -99.9 -99.9 -99.9 -99.9 -99.9 -99.9 -99.9 -99.9 -99.9 -99.9 -99.9 -99.9 -99.9 -99.9 -99.9
-99.9 -99.9 -99.9 -99.9 -99.9 -99.9 -99.9 -99.9 -99.9 -99.9 -99.9 -99.9 -99.9 -99.9 -99.9 -99.9 -99.9 -99.9 -99.9 -99.9 49.5538368225098 57.5890769958496 73.6588745117188 74.1599578857422 70.6871871948242 68.9900436401367 72.8440780639648 71.2402954101562 70.9869384765625 73.1759872436523 102.31867980957 -99.9 -99.9 23.3327808380127 15.8621664047241 13.64284324646 -99.9 -99.9 -99.9 -99.9 -99.9 -99.9 -99.9 -99.9 -99.9 -99.9 -99.9 -99.9 -99.9 -99.9 -99.9 -99.9 -99.9 -99.9 -99.9 -99.9 -99.9 -99.9 -99.9
-99.9 -99.9 -99.9 -99.9 -99.9 -99.9 -99.9 -99.9 -99.9 -99.9 -99.9 -99.9 -99.9 -99.9 -99.9 -99.9 -99.9 -99.9 -99.9 -99.9 44.0348129272461 55.2891693115234 65.6099700927734 67.5496139526367 67.5684585571289 66.5534591674805 66.2726058959961 63.9193649291992 60.862419128418 60.0437889099121 59.4000778198242 51.3618812561035 35.8228530883789 29.7480182647705 23.0405120849609 19.9837341308594 -99.9 -99.9 -99.9 -99.9 -99.9 -99.9 -99.9 -99.9 -99.9 -99.9 -99.9 -99.9 -99.9 -99.9 -99.9 -99.9 -99.9 -99.9 -99.9 -99.9 -99.9 -99.9 -99.9
-99.9 -99.9 -99.9 -99.9 -99.9 -99.9 -99.9 -99.9 -99.9 -99.9 -99.9 -99.9 -99.9 -99.9 -99.9 -99.9 -99.9 -99.9 -99.9 -99.9 59.8642044067383 60.0428199768066 61.8998413085938 63.4263153076172 64.9168167114258 61.4749412536621 58.1037330627441 56.4753227233887 55.1237678527832 53.5217552185059 47.9660835266113 39.9824523925781 35.5309562683105 30.787239074707 26.8076362609863 22.6949710845947 -99.9 -99.9 -99.9 -99.9 -99.9 -99.9 -99.9 -99.9 -99.9 -99.9 -99.9 -99.9 -99.9 -99.9 -99.9 -99.9 -99.9 -99.9 -99.9 -99.9 -99.9 -99.9 -99.9
-99.9 -99.9 -99.9 -99.9 -99.9 -99.9 -99.9 -99.9 -99.9 -99.9 -99.9 -99.9 -99.9 -99.9 -99.9 -99.9 -99.9 -99.9 -99.9 39.5813026428223 58.6856002807617 60.86474609375 61.6939582824707 61.7319297790527 61.466869354248 61.0973854064941 59.7096786499023 55.7789039611816 50.7017021179199 46.1180419921875 42.080753326416 37.1324348449707 32.717155456543 28.4164409637451 25.3698406219482 24.6644878387451 -99.9 -99.9 -99.9 -99.9 -99.9 -99.9 -99.9 -99.9 -99.9 -99.9 -99.9 -99.9 -99.9 -99.9 -99.9 -99.9 -99.9 -99.9 -99.9 -99.9 -99.9 -99.9 -99.9
-99.9 -99.9 -99.9 -99.9 -99.9 -99.9 -99.9 -99.9 -99.9 -99.9 -99.9 -99.9 -99.9 -99.9 -99.9 -99.9 -99.9 -99.9 44.6564407348633 59.844123840332 72.2891540527344 65.8995056152344 62.4483184814453 60.7041053771973 60.3669509887695 61.0619201660156 59.6311302185059 55.0045013427734 50.1521415710449 45.0871124267578 39.7243919372559 34.7839508056641 30.3920345306396 26.7418403625488 24.1940135955811 -99.9 -99.9 -99.9 -99.9 -99.9 -99.9 -99.9 -99.9 -99.9 -99.9 -99.9 -99.9 -99.9 -99.9 -99.9 -99.9 -99.9 -99.9 -99.9 -99.9 -99.9 -99.9 -99.9 -99.9
-99.9 -99.9 -99.9 -99.9 -99.9 -99.9 -99.9 -99.9 -99.9 -99.9 -99.9 -99.9 -99.9 -99.9 -99.9 16.147518157959 -99.9 -99.9 61.7224655151367 67.6503524780273 61.1066856384277 60.2871284484863 59.8966484069824 60.1273536682129 61.3778991699219 60.1911582946777 59.151912689209 56.0470428466797 51.7976951599121 44.4276580810547 39.7808113098145 35.4915161132812 -99.9 -99.9 -99.9 -99.9 -99.9 -99.9 -99.9 -99.9 -99.9 -99.9 -99.9 -99.9 -99.9 -99.9 -99.9 -99.9 -99.9 -99.9 -99.9 -99.9 -99.9 -99.9 -99.9 -99.9 -99.9 -99.9 -99.9
-99.9 -99.9 -99.9 -99.9 -99.9 -99.9 -99.9 -99.9 -99.9 5.66510009765625 6.66661024093628 8.58662128448486 12.513222694397 17.1555976867676 19.5514163970947 34.2297248840332 41.298885345459 42.2144660949707 48.6220817565918 50.2127647399902 52.5439682006836 54.4080047607422 57.1975784301758 60.1437797546387 62.8062133789062 65.3923950195312 64.4598541259766 59.8423233032227 62.3523368835449 42.1870231628418 -99.9 -99.9 -99.9 -99.9 -99.9 -99.9 -99.9 -99.9 -99.9 -99.9 -99.9 -99.9 -99.9 -99.9 -99.9 -99.9 -99.9 -99.9 -99.9 -99.9 -99.9 -99.9 -99.9 -99.9 -99.9 -99.9 -99.9 -99.9 -99.9
-99.9 -99.9 -99.9 -99.9 -99.9 -99.9 -99.9 -99.9 11.4271621704102 8.92084789276123 8.67836093902588 10.0591230392456 12.3528432846069 14.8226728439331 18.3664989471436 23.800651550293 32.3486137390137 36.4332733154297 38.0748062133789 40.2942390441895 43.7969856262207 48.524845123291 53.3700065612793 59.7170448303223 64.9727325439453 79.7785186767578 111.957969665527 -99.9 -99.9 -99.9 -99.9 -99.9 -99.9 -99.9 -99.9 -99.9 -99.9 -99.9 -99.9 -99.9 -99.9 -99.9 -99.9 -99.9 -99.9 -99.9 -99.9 -99.9 -99.9 -99.9 -99.9 -99.9 -99.9 -99.9 -99.9 -99.9 -99.9 -99.9 -99.9
-99.9 -99.9 -99.9 -99.9 -99.9 17.2197227478027 15.7802801132202 13.9671516418457 12.5614671707153 11.2399501800537 10.7025413513184 10.467719078064 12.140625 14.2456951141357 16.8764915466309 20.2849884033203 25.5303916931152 30.5243244171143 32.6845169067383 35.3078765869141 39.5703086853027 42.8221092224121 48.0051727294922 53.6398277282715 63.2315788269043 75.9389190673828 66.3261489868164 17.7037258148193 -99.9 -99.9 -99.9 -99.9 -99.9 -99.9 -99.9 -99.9 -99.9 -99.9 -99.9 -99.9 -99.9 -99.9 -99.9 -99.9 -99.9 -99.9 -99.9 -99.9 -99.9 -99.9 -99.9 -99.9 -99.9 -99.9 -99.9 -99.9 -99.9 -99.9 -99.9
-99.9 -99.9 20.7709922790527 16.2515277862549 16.0521659851074 15.9325828552246 15.9240589141846 14.6120319366455 13.7331399917603 12.9854135513306 12.421365737915 12.3332595825195 13.1413412094116 14.5963659286499 16.6859111785889 18.7390422821045 21.7567462921143 25.227954864502 29.2927703857422 32.1019668579102 35.2375526428223 38.514217376709 43.7453155517578 50.1428909301758 55.4006080627441 62.3251266479492 73.066291809082 -99.9 -99.9 -99.9 -99.9 -99.9 22.289270401001 28.5735664367676 -99.9 -99.9 -99.9 -99.9 -99.9 -99.9 -99.9 -99.9 -99.9 -99.9 -99.9 -99.9 -99.9 -99.9 -99.9 -99.9 -99.9 -99.9 -99.9 -99.9 -99.9 -99.9 -99.9 -99.9 -99.9
22.6509265899658 18.6830234527588 21.4323291778564 18.9307956695557 18.0018539428711 17.2218379974365 16.5343799591064 16.1614418029785 15.7261199951172 15.0563058853149 14.6340637207031 14.5019636154175 14.546480178833 15.389349937439 16.6376152038574 18.353271484375 20.5894470214844 23.049934387207 26.270263671875 28.5511169433594 31.8409957885742 35.1383094787598 38.9635734558105 42.7918167114258 45.8888282775879 50.6941871643066 53.3403968811035 55.2055358886719 59.7285423278809 62.9754447937012 51.9801979064941 43.3806610107422 41.7599601745605 35.5698623657227 -99.9 -99.9 -99.9 37.9247856140137 -99.9 -99.9 -99.9 -99.9 -99.9 -99.9 -99.9 -99.9 -99.9 -99.9 -99.9 -99.9 -99.9 -99.9 -99.9 -99.9 -99.9 -99.9 -99.9 -99.9 -99.9
21.4520721435547 20.7063789367676 19.7827568054199 19.6934337615967 19.0080318450928 18.7496223449707 18.2989959716797 17.8968696594238 17.3176860809326 17.147518157959 16.7337512969971 16.110502243042 15.7260408401489 16.1873683929443 17.5331745147705 18.6929168701172 20.0236663818359 21.4010829925537 23.3788661956787 25.9055023193359 28.1869716644287 31.1924133300781 34.2593727111816 37.779483795166 40.6557769775391 42.4817276000977 45.0638465881348 46.8259887695312 48.2213706970215 48.0904273986816 48.3235015869141 50.5543670654297 50.7347717285156 52.9859962463379 54.3286819458008 58.1486206054688 61.3494110107422 61.5989189147949 64.1031112670898 70.8207855224609 -99.9 -99.9 -99.9 -99.9 65.6692657470703 88.5794067382812 -99.9 -99.9 -99.9 -99.9 -99.9 -99.9 -99.9 -99.9 -99.9 -99.9 -99.9 -99.9 -99.9
21.7113513946533 21.329761505127 20.970308303833 20.3902339935303 20.0786380767822 20.0393886566162 19.3390560150146 19.0972633361816 19.0488185882568 18.9835929870605 19.0925788879395 18.127721786499 17.4760227203369 17.5528545379639 18.4147853851318 18.8305644989014 19.5987396240234 20.8235893249512 22.3841915130615 24.4201793670654 26.2174491882324 28.6132659912109 30.7334251403809 33.3499412536621 36.176887512207 37.8866271972656 40.2372856140137 41.7440452575684 44.1291732788086 47.0986213684082 47.8988304138184 50.4781723022461 53.9363822937012 59.2900238037109 61.4643630981445 71.5283737182617 73.4065093994141 85.8053283691406 92.1079177856445 105.493690490723 103.644737243652 91.6813049316406 93.3312454223633 79.9177093505859 53.8072662353516 -99.9 -99.9 -99.9 -99.9 -99.9 -99.9 -99.9 -99.9 -99.9 -99.9 -99.9 -99.9 -99.9 -99.9
22.1268558502197 21.9385852813721 21.5628871917725 21.2766361236572 20.9625644683838 20.5954761505127 20.5371704101562 20.2325992584229 20.1388568878174 20.188159942627 20.5015068054199 19.3557796478271 19.6704216003418 19.6852836608887 20.0140724182129 20.075252532959 20.3974132537842 20.8385429382324 22.30615234375 23.0732727050781 25.1896343231201 27.1928539276123 28.9633941650391 30.8223438262939 32.7116813659668 34.6746597290039 36.830509185791 38.3020668029785 40.5621070861816 44.1464424133301 44.6286544799805 58.6286964416504 54.1252288818359 57.9320602416992 62.1850395202637 -99.9 -99.9 -99.9 -99.9 -99.9 -99.9 -99.9 -99.9 -99.9 -99.9 -99.9 -99.9 -99.9 -99.9 -99.9 -99.9 -99.9 -99.9 -99.9 -99.9 -99.9 -99.9 -99.9 -99.9
22.8697395324707 22.6619873046875 22.5159873962402 22.4543743133545 22.2180061340332 21.7780895233154 21.855037689209 21.7933368682861 22.2941246032715 21.2355346679688 21.2616958618164 21.3022689819336 21.0420246124268 21.2684154510498 21.4263000488281 21.704891204834 21.564847946167 22.2924480438232 22.4592609405518 22.9674987792969 24.81369972229 26.4021606445312 27.9768447875977 29.528491973877 30.8562602996826 32.5425491333008 34.4296417236328 35.4620819091797 37.0475311279297 40.0622901916504 44.8151588439941 51.7336006164551 65.258186340332 48.4994430541992 25.3831539154053 -99.9 -99.9 -99.9 -99.9 -99.9 -99.9 -99.9 -99.9 -99.9 -99.9 -99.9 -99.9 -99.9 -99.9 -99.9 -99.9 -99.9 -99.9 -99.9 -99.9 -99.9 -99.9 -99.9 -99.9
22.8759937286377 24.3063659667969 25.8087768554688 23.6460189819336 23.3360767364502 23.0673198699951 23.4168033599854 22.7374401092529 23.0198440551758 23.0445404052734 22.4988231658936 22.7706527709961 22.9531536102295 22.9429359436035 22.506986618042 23.2020282745361 23.1623611450195 23.4720764160156 23.643518447876 24.3142032623291 25.3759784698486 26.6595706939697 28.0958824157715 29.2216854095459 30.0927677154541 31.6348247528076 32.6651229858398 33.6768341064453 34.5218238830566 36.0379981994629 38.4209403991699 40.1023864746094 -99.9 -99.9 -99.9 -99.9 -99.9 -99.9 -99.9 -99.9 -99.9 -99.9 -99.9 -99.9 -99.9 -99.9 -99.9 -99.9 -99.9 -99.9 -99.9 -99.9 -99.9 -99.9 -99.9 -99.9 -99.9 -99.9 -99.9
23.0778865814209 23.9533138275146 25.801700592041 25.6429061889648 24.6434631347656 26.4628009796143 25.6654510498047 23.9235992431641 24.8274707794189 24.1702861785889 23.9316425323486 23.7511444091797 24.3004875183105 23.8232841491699 24.5388832092285 24.5744514465332 25.0841655731201 25.0524959564209 25.6405067443848 26.3151683807373 26.8146438598633 27.721981048584 28.6837978363037 29.8829402923584 30.5690288543701 31.3589172363281 31.9994010925293 32.2192649841309 32.2100715637207 31.4262886047363 30.4009895324707 27.8719100952148 -99.9 -99.9 -99.9 -99.9 -99.9 -99.9 -99.9 -99.9 -99.9 -99.9 -99.9 -99.9 -99.9 -99.9 -99.9 -99.9 -99.9 -99.9 -99.9 -99.9 -99.9 -99.9 -99.9 -99.9 -99.9 -99.9 -99.9
25.9663467407227 25.367582321167 25.4155139923096 25.9898643493652 26.9887065887451 26.9131946563721 25.5456981658936 26.1402587890625 26.6969566345215 26.9063034057617 25.9122581481934 25.2118949890137 25.0745964050293 25.4329242706299 25.9990329742432 26.5499401092529 26.5450210571289 26.6442756652832 27.6008796691895 28.4406833648682 29.5866394042969 29.3483238220215 30.0062103271484 30.9001846313477 31.5632743835449 31.9495220184326 32.4150085449219 33.4888572692871 32.6135063171387 29.5088272094727 28.3616333007812 -99.9 -99.9 -99.9 -99.9 -99.9 -99.9 -99.9 -99.9 -99.9 -99.9 -99.9 -99.9 -99.9 -99.9 -99.9 -99.9 -99.9 -99.9 -99.9 -99.9 -99.9 -99.9 -99.9 31.0558433532715 30.3927459716797 39.3000221252441 -99.9 -99.9
31.1751041412354 29.3847999572754 28.4068698883057 28.842155456543 28.9157657623291 26.9697189331055 26.7884998321533 27.4360599517822 27.5014266967773 28.1840953826904 27.7071266174316 26.888671875 26.641056060791 26.7819194793701 27.4989032745361 28.1415157318115 28.4039821624756 29.0833358764648 29.6718559265137 30.9766044616699 32.3570823669434 32.4968566894531 33.2626838684082 33.3624687194824 32.5730590820312 32.5618629455566 33.0670928955078 34.896053314209 52.6187286376953 -99.9 -99.9 -99.9 -99.9 -99.9 -99.9 -99.9 -99.9 -99.9 -99.9 -99.9 -99.9 8.2900857925415 18.3283805847168 19.8692760467529 22.5687389373779 25.13720703125 28.1692333221436 33.3421821594238 36.6742706298828 -99.9 33.0026016235352 49.149959564209 -99.9 70.1243133544922 62.383659362793 56.7528915405273 63.3616561889648 65.7158889770508 94.4856109619141
31.6728343963623 34.5549163818359 29.2595272064209 28.5873165130615 27.910665512085 27.7553577423096 28.6121025085449 29.6170654296875 30.6124229431152 30.622106552124 30.6928882598877 28.6280918121338 28.5012226104736 28.886661529541 29.56103515625 29.7005176544189 29.7019863128662 30.6479682922363 31.8587112426758 33.4605484008789 35.9898910522461 37.1829605102539 38.3227806091309 37.0722236633301 35.8482933044434 32.9000778198242 31.8751678466797 32.8840599060059 -99.9 -99.9 -99.9 -99.9 -99.9 -99.9 -99.9 -99.9 -99.9 -99.9 -99.9 -99.9 -99.9 16.9075107574463 22.1129760742188 26.1325359344482 29.3941326141357 34.5287132263184 37.074390411377 43.8913650512695 55.382194519043 78.0400772094727 73.6862411499023 70.4625854492188 75.9951934814453 76.8610763549805 77.0077590942383 72.1913146972656 72.420654296875 74.0774002075195 79.1545791625977
31.4077835083008 32.9427795410156 32.2191581726074 31.3088417053223 30.2178344726562 33.0382080078125 33.1972427368164 32.6282691955566 33.7735328674316 32.9582138061523 32.9027786254883 30.6787033081055 30.7176380157471 30.9242744445801 31.5586166381836 32.220516204834 32.0996475219727 32.7137832641602 35.523624420166 38.4765510559082 39.8275680541992 45.2293510437012 53.6478614807129 53.6658401489258 46.9361190795898 37.2899589538574 28.6360721588135 -99.9 -99.9 -99.9 -99.9 -99.9 -99.9 15.6438751220703 13.4095697402954 16.7100830078125 -99.9 -99.9 -99.9 -99.9 -99.9 30.9324131011963 31.4872798919678 32.0853233337402 37.9566535949707 47.8085441589355 44.0146675109863 47.458065032959 54.8565521240234 63.2915992736816 70.0031433105469 73.1379470825195 77.1327362060547 79.2713470458984 90.3295440673828 88.3322296142578 76.8061370849609 78.2691345214844 86.0742721557617
33.7416381835938 34.4060707092285 32.5685577392578 30.9435863494873 32.0814895629883 39.9701156616211 39.8516845703125 35.00146484375 34.0530815124512 34.3619689941406 32.5376663208008 32.284122467041 32.6019668579102 33.4477767944336 33.6449127197266 34.3889503479004 34.851921081543 36.5220909118652 37.5367736816406 40.1292839050293 44.2638282775879 52.9206275939941 63.4654502868652 -99.9 -99.9 -99.9 -99.9 -99.9 -99.9 -99.9 21.3815689086914 17.9934425354004 20.0519104003906 23.1843757629395 24.5963134765625 23.294361114502 25.0859432220459 36.3141021728516 46.4947700500488 51.7436141967773 48.1041717529297 42.2326545715332 37.7202606201172 39.5378532409668 43.5661277770996 45.2613716125488 49.638916015625 52.4757308959961 57.67919921875 64.1432952880859 69.5283126831055 73.8937759399414 78.2892990112305 86.730583190918 87.6161193847656 87.6453857421875 78.9367752075195 86.8358306884766 83.2042999267578
33.1627731323242 33.3189697265625 32.0705909729004 32.7761917114258 37.9046287536621 36.759822845459 35.2372512817383 32.1425933837891 30.4161281585693 32.4627151489258 34.0774078369141 34.1636657714844 34.0787048339844 34.7651672363281 36.1826858520508 37.8442802429199 36.2226448059082 39.5484504699707 43.9185333251953 43.4769592285156 45.9885597229004 49.459716796875 61.5132446289062 -99.9 -99.9 19.94460105896 -99.9 -99.9 -99.9 24.3473281860352 24.8687267303467 24.8789730072021 25.2554740905762 27.0153484344482 27.5980987548828 28.0202236175537 31.3868083953857 35.2134208679199 38.6810836791992 42.4863471984863 42.5184555053711 41.5630645751953 41.6663703918457 43.0122222900391 49.5308570861816 48.9045562744141 51.1596488952637 56.3483352661133 62.6316833496094 69.723258972168 71.3210830688477 74.4233245849609 83.7422103881836 88.1390228271484 98.5175247192383 89.6456680297852 83.874641418457 85.8675231933594 85.0965576171875
35.6194229125977 33.5481719970703 30.8636417388916 33.7471466064453 43.7068824768066 47.456672668457 35.945915222168 31.1383438110352 32.6628837585449 31.011604309082 33.1017227172852 32.9709320068359 35.8975982666016 35.9327239990234 39.2238121032715 46.0825500488281 35.7489776611328 44.2894897460938 63.6640396118164 59.6761665344238 52.6021118164062 44.5163230895996 42.8244590759277 47.314208984375 36.9697608947754 34.5600814819336 47.6531944274902 63.013313293457 43.4201240539551 36.0456314086914 31.715259552002 30.2968463897705 30.3145217895508 30.7690563201904 31.6386756896973 32.1694107055664 33.9460105895996 35.7631378173828 37.314136505127 39.7334671020508 41.281494140625 42.1175384521484 42.7258071899414 44.6550788879395 46.9413185119629 53.8507957458496 57.2484169006348 60.5888862609863 71.332160949707 74.0265960693359 86.1585388183594 76.897102355957 85.3662948608398 96.4968643188477 100.515182495117 94.4762725830078 87.6059875488281 91.9284362792969 90.9777755737305
34.2658004760742 33.9280471801758 31.0256404876709 34.4044189453125 39.5535774230957 39.0431060791016 34.383674621582 30.6627006530762 32.9351043701172 34.9113578796387 33.586254119873 37.9818840026855 37.5506134033203 39.2578163146973 37.3372497558594 36.2918586730957 37.8235054016113 40.972110748291 47.837158203125 45.206226348877 42.842212677002 39.5680465698242 38.8955192565918 37.4231719970703 35.6949157714844 37.4285888671875 40.498893737793 42.9115295410156 40.3856010437012 36.8132972717285 35.7420959472656 34.4060173034668 34.0525894165039 33.8927040100098 34.4813346862793 35.5132637023926 36.6441612243652 37.8079986572266 38.8548622131348 39.6864280700684 42.590389251709 43.121997833252 44.8302383422852 47.4938354492188 50.8208351135254 53.8106498718262 62.6246795654297 70.990478515625 79.4870681762695 84.3923034667969 89.1578674316406 80.7998199462891 84.0626754760742 115.733184814453 101.520881652832 91.1624908447266 87.9798889160156 97.4427490234375 101.261901855469
