data/Strathclyde_European_Shelf_Data/TidalVelMean.asc
NCOLS 200
NROWS 150
XLLCORNER -16
YLLCORNER 44
CELLSIZE 0.125
NODATA_VALUE -99.9
[rows 0 to 25 of 150, columns 118 to 176 of 200]
-99.9 -99.9 -99.9 -99.9 -99.9 -99.9 -99.9 -99.9 -99.9 -99.9 -99.9 -99.9 -99.9 -99.9 -99.9 -99.9 -99.9 -99.9 -99.9 -99.9 -99.9 -99.9 -99.9 -99.9 -99.9 -99.9 -99.9 -99.9 -99.9 -99.9 -99.9 -99.9 -99.9 -99.9 -99.9 -99.9 -99.9 -99.9 -99.9 -99.9 -99.9 -99.9 -99.9 -99.9 -99.9 -99.9 -99.9 -99.9 -99.9 -99.9 -99.9 -99.9 -99.9 -99.9 -99.9 -99.9 -99.9 -99.9 -99.9
-99.9 -99.9 -99.9 -99.9 -99.9 -99.9 -99.9 -99.9 -99.9 -99.9 -99.9 -99.9 -99.9 -99.9 -99.9 -99.9 -99.9 -99.9 -99.9 -99.9 -99.9 -99.9 -99.9 -99.9 -99.9 -99.9 -99.9 -99.9 -99.9 -99.9 -99.9 -99.9 -99.9 -99.9 -99.9 -99.9 -99.9 -99.9 -99.9 -99.9 -99.9 -99.9 -99.9 -99.9 -99.9 -99.9 -99.9 -99.9 -99.9 -99.9 -99.9 -99.9 -99.9 -99.9 -99.9 -99.9 -99.9 -99.9 -99.9
-99.9 -99.9 -99.9 -99.9 -99.9 -99.9 -99.9 -99.9 -99.9 -99.9 -99.9 -99.9 -99.9 -99.9 -99.9 -99.9 -99.9 -99.9 -99.9 -99.9 -99.9 -99.9 -99.9 -99.9 -99.9 -99.9 -99.9 -99.9 -99.9 -99.9 -99.9 -99.9 -99.9 -99.9 -99.9 -99.9 -99.9 -99.9 -99.9 -99.9 -99.9 -99.9 -99.9 -99.9 -99.9 -99.9 -99.9 -99.9 -99.9 -99.9 -99.9 -99.9 -99.9 -99.9 -99.9 -99.9 -99.9 -99.9 -99.9
-99.9 -99.9 -99.9 -99.9 -99.9 -99.9 -99.9 -99.9 -99.9 -99.9 -99.9 -99.9 -99.9 -99.9 -99.9 -99.9 -99.9 -99.9 -99.9 -99.9 -99.9 -99.9 -99.9 -99.9 -99.9 -99.9 -99.9 -99.9 -99.9 -99.9 -99.9 -99.9 -99.9 -99.9 -99.9 -99.9 -99.9 -99.9 -99.9 -99.9 -99.9 -99.9 -99.9 -99.9 -99.9 -99.9 -99.9 -99.9 -99.9 -99.9 -99.9 -99.9 -99.9 -99.9 -99.9 -99.9 -99.9 -99.9 -99.9
-99.9 -99.9 -99.9 -99.9 -99.9 -99.9 -99.9 -99.9 -99.9 -99.9 -99.9 -99.9 -99.9 -99.9 -99.9 -99.9 -99.9 -99.9 -99.9 -99.9 -99.9 -99.9 -99.9 -99.9 -99.9 -99.9 -99.9 -99.9 -99.9 -99.9 -99.9 -99.9 -99.9 -99.9 -99.9 -99.9 -99.9 -99.9 -99.9 -99.9 -99.9 -99.9 -99.9 -99.9 -99.9 -99.9 -99.9 -99.9 -99.9 -99.9 -99.9 -99.9 -99.9 -99.9 -99.9 -99.9 -99.9 -99.9 -99.9
-99.9 -99.9 -99.9 -99.9 -99.9 -99.9 -99.9 -99.9 -99.9 -99.9 -99.9 -99.9 -99.9 -99.9 -99.9 -99.9 -99.9 -99.9 -99.9 -99.9 -99.9 -99.9 -99.9 -99.9 -99.9 -99.9 -99.9 -99.9 -99.9 -99.9 -99.9 -99.9 -99.9 -99.9 -99.9 -99.9 -99.9 -99.9 -99.9 -99.9 -99.9 -99.9 -99.9 -99.9 -99.9 -99.9 -99.9 -99.9 -99.9 -99.9 -99.9 -99.9 -99.9 -99.9 -99.9 -99.9 -99.9 -99.9 -99.9
-99.9 -99.9 -99.9 -99.9 8.64492797851562 8.97413635253906 9.06422138214111 8.85020351409912 8.57135009765625 4.72667694091797 4.72667694091797 6.04635810852051 6.04635810852051 6.47257709503174 6.76045656204224 6.75368928909302 6.80784320831299 6.94136667251587 6.5881462097168 5.83143901824951 5.17352151870728 4.57759189605713 4.14329433441162 3.83202338218689 3.61858248710632 3.47985553741455 3.33575439453125 3.1955418586731 3.05962181091309 2.92537760734558 2.80723667144775 2.70587158203125 2.6311194896698 2.58196926116943 2.55974674224854 2.564377784729 2.61088800430298 2.70252895355225 2.8027195930481 2.94780564308167 3.18721008300781 3.49176168441772 3.80540108680725 4.13292694091797 4.42399883270264 4.61693716049194 4.71472883224487 4.72842597961426 4.31466150283813 -99.9 -99.9 -99.9 -99.9 -99.9 -99.9 -99.9 -99.9 -99.9 -99.9
-99.9 -99.9 9.30515766143799 10.4936590194702 11.4502239227295 11.9218196868896 11.8910827636719 11.2453536987305 10.7247638702393 5.44815874099731 5.44815874099731 8.3087329864502 8.3087329864502 8.34831237792969 8.23588562011719 7.9493579864502 7.8171181678772 7.83374738693237 7.66316080093384 7.32066297531128 6.33650398254395 5.13174962997437 4.46154165267944 4.04546689987183 3.73913502693176 3.51375842094421 3.33912587165833 3.23019695281982 3.1156485080719 2.99040603637695 2.87720394134521 2.77771544456482 2.70312547683716 2.65128326416016 2.61359810829163 2.58974671363831 2.60853433609009 2.67028570175171 2.73323678970337 2.81658101081848 2.98838424682617 3.25618505477905 3.51377940177917 3.74527359008789 4.03144359588623 4.31900548934937 4.39134645462036 4.27961587905884 -99.9 -99.9 -99.9 -99.9 -99.9 -99.9 -99.9 -99.9 -99.9 -99.9 -99.9
8.44077301025391 10.0853080749512 11.9507389068604 13.5743217468262 14.8186702728271 15.3119735717773 15.0403280258179 13.901704788208 13.1011381149292 6.76974821090698 6.76974821090698 10.8102130889893 10.8102130889893 10.327244758606 9.78620624542236 9.21121788024902 8.88465404510498 8.76438140869141 8.67428398132324 8.63924694061279 7.54370546340942 5.99437046051025 5.13146638870239 4.58478164672852 4.1359691619873 3.7733428478241 3.53066825866699 3.39071917533875 3.24867558479309 3.10311627388 2.98356366157532 2.89004778862 2.81495690345764 2.75588297843933 2.71084856987 2.67911314964294 2.68129134178162 2.71618127822876 2.7573676109314 2.81629729270935 2.92591595649719 3.09089708328247 3.26927924156189 3.46462464332581 3.69596147537231 3.92337703704834 3.99439477920532 3.96230244636536 -99.9 -99.9 -99.9 -99.9 -99.9 -99.9 -99.9 -99.9 -99.9 -99.9 -99.9
32.8304748535156 32.9740524291992 24.6444263458252 21.1454677581787 19.1642360687256 17.6818695068359 17.6818695068359 15.2423820495605 15.2423820495605 14.6182794570923 13.118335723877 13.4240303039551 12.3079957962036 11.5487098693848 10.9140453338623 10.9140453338623 9.8472785949707 10.0556287765503 9.30079364776611 9.22675037384033 8.34484767913818 8.96843528747559 6.70551013946533 5.96886396408081 9.68065357208252 4.35260677337646 7.66883373260498 3.66217374801636 6.20170068740845 3.22754526138306 3.0990002155304 3.03928208351135 2.97151112556458 2.89367318153381 2.84870934486389 2.83434677124023 2.84037232398987 2.86656761169434 2.88898468017578 2.9107301235199 2.94780302047729 3.00036573410034 3.12412858009338 3.33852481842041 3.54328775405884 3.71983790397644 3.83574867248535 -99.9 -99.9 -99.9 -99.9 -99.9 -99.9 -99.9 -99.9 -99.9 -99.9 -99.9 -99.9
18.8432464599609 25.0343856811523 24.6444263458252 13.5257720947266 19.1642360687256 18.4672298431396 17.045955657959 17.045955657959 15.5291080474854 14.6182794570923 10.3020458221436 13.4240303039551 13.1414861679077 12.5440969467163 11.948447227478 11.2304201126099 10.8142824172974 10.0556287765503 10.1187372207642 9.22675037384033 9.29744625091553 8.96843528747559 9.00557899475098 9.13720703125 9.68065357208252 9.1008882522583 7.66883373260498 7.41714239120483 6.20170068740845 6.58142852783203 6.05065250396729 6.5220832824707 5.50336456298828 4.19517087936401 3.73516750335693 3.12138032913208 3.7171802520752 6.82569694519043 9.25288963317871 14.4203777313232 3.0617983341217 14.4056758880615 14.4056758880615 3.45457482337952 6.29812049865723 3.67210245132446 5.85826110839844 4.21280479431152 7.89417219161987 5.41328191757202 -99.9 -99.9 -99.9 -99.9 -99.9 -99.9 -99.9 -99.9 -99.9
17.7592868804932 23.8769512176514 18.1005344390869 18.2200222015381 16.2869567871094 15.5123043060303 14.8436632156372 14.9065198898315 11.5668611526489 10.0408401489258 12.2724056243896 9.40870380401611 10.6577882766724 7.64294958114624 8.80988693237305 8.86045742034912 8.21131420135498 7.89751863479614 9.60527229309082 8.40525436401367 8.99244689941406 7.68107080459595 7.68107080459595 9.14488887786865 8.44747543334961 8.44747543334961 8.1928539276123 8.1928539276123 7.63485288619995 6.58142852783203 3.77602958679199 6.5220832824707 5.50336456298828 3.31422400474548 3.73516750335693 3.232661485672 3.7171802520752 3.20461750030518 9.25288963317871 14.4203777313232 15.5145740509033 14.4056758880615 11.9359149932861 8.69118690490723 6.29812049865723 4.99512243270874 5.85826110839844 -99.9 7.89417219161987 -99.9 -99.9 -99.9 -99.9 -99.9 -99.9 -99.9 -99.9 -99.9 -99.9
17.2668724060059 14.2797336578369 15.5550479888916 15.6653308868408 16.157527923584 15.7820339202881 14.2141170501709 15.0388793945312 14.836874961853 13.8517436981201 10.234637260437 10.8010988235474 9.28298377990723 10.6402025222778 10.6402025222778 9.83637046813965 9.2117338180542 7.89751863479614 9.87125492095947 8.40525436401367 8.50467491149902 8.50467491149902 7.87673711776733 9.14488887786865 7.02785539627075 7.21332216262817 7.21332216262817 7.98150396347046 7.63485288619995 8.62540721893311 8.29806137084961 8.43784332275391 7.45296812057495 7.13658237457275 6.60023307800293 6.2807412147522 5.75167274475098 6.38772249221802 8.44008255004883 9.16414642333984 13.2951068878174 11.4782886505127 11.4782886505127 3.73136639595032 11.6166591644287 20.1652698516846 20.1652698516846 -99.9 -99.9 -99.9 -99.9 -99.9 -99.9 -99.9 -99.9 -99.9 -99.9 -99.9 -99.9
15.2726469039917 16.3393898010254 17.0726661682129 17.6270618438721 20.2641983032227 17.1734390258789 17.1043682098389 15.8616304397583 14.3113880157471 12.9475116729736 12.2341899871826 12.5187692642212 11.3856706619263 9.73408317565918 10.0956439971924 9.9179630279541 9.9179630279541 9.36390209197998 9.19911479949951 9.10379981994629 9.23876953125 9.13193321228027 8.97103118896484 9.83448886871338 9.10988330841064 8.30436420440674 8.30267810821533 8.27337646484375 8.0982837677002 7.86554574966431 9.16218662261963 8.87716007232666 8.41535472869873 7.44899749755859 7.44899749755859 6.12321138381958 3.80690717697144 6.38772249221802 3.74154710769653 9.16414642333984 13.6602630615234 13.6602630615234 11.8455591201782 11.4290256500244 11.6166591644287 17.2913227081299 16.2226524353027 -99.9 -99.9 -99.9 -99.9 -99.9 -99.9 -99.9 -99.9 -99.9 -99.9 -99.9 -99.9
17.3370532989502 19.3187694549561 25.7929744720459 31.5327033996582 26.9462642669678 23.1723213195801 19.0970325469971 16.6933193206787 15.7520427703857 13.3807878494263 12.4079704284668 12.9702482223511 12.4758863449097 11.5602874755859 11.048113822937 10.4120626449585 10.1057233810425 10.1279726028442 9.56027030944824 9.1314001083374 10.2608966827393 10.2295150756836 9.63169384002686 9.63169384002686 9.83734512329102 9.32233047485352 8.96446323394775 8.96446323394775 8.65866756439209 7.06303548812866 7.06303548812866 8.87716007232666 8.58806133270264 8.58806133270264 7.8077130317688 7.15921354293823 7.15921354293823 7.55516242980957 6.32668399810791 8.45113658905029 8.96932029724121 11.4277439117432 12.2744722366333 10.7494354248047 9.45147323608398 8.87737083435059 11.7742023468018 16.8480491638184 -99.9 -99.9 -99.9 -99.9 -99.9 -99.9 -99.9 -99.9 -99.9 -99.9 -99.9
16.5310306549072 17.5687599182129 -99.9 -99.9 35.2995643615723 24.0241985321045 19.2327995300293 17.0779647827148 15.568829536438 14.5852432250977 13.2271757125854 13.3173809051514 12.6740503311157 13.3147678375244 12.1427240371704 11.5285892486572 10.8355703353882 10.4398431777954 10.1367321014404 10.1656084060669 9.94069957733154 10.4261636734009 9.97284317016602 9.62323760986328 8.71884155273438 9.90623188018799 8.62055683135986 8.47249603271484 8.58948135375977 8.58948135375977 8.49787521362305 8.56728553771973 8.47724914550781 8.97432804107666 8.51596736907959 6.16210317611694 7.29027700424194 5.47318553924561 5.98807764053345 7.38525485992432 8.42992115020752 11.2405424118042 11.2405424118042 10.3955574035645 8.56791591644287 8.56791591644287 9.26016902923584 8.52271938323975 -99.9 -99.9 -99.9 -99.9 -99.9 -99.9 -99.9 -99.9 -99.9 -99.9 -99.9
7.52482080459595 -99.9 -99.9 21.4086685180664 19.8161735534668 19.3405017852783 17.718822479248 17.3944492340088 19.9846019744873 18.6698760986328 15.7738351821899 14.3213844299316 13.292332649231 12.3015489578247 11.3200454711914 10.9809255599976 10.787540435791 10.9687013626099 11.0906047821045 10.9488639831543 10.9623146057129 10.4069042205811 9.98799800872803 9.7766580581665 8.55881214141846 8.77891063690186 9.42677783966064 8.74033164978027 8.76775741577148 9.05773639678955 8.78635692596436 8.80542755126953 9.31974124908447 9.27620887756348 9.11723613739014 6.80170011520386 6.10320472717285 6.10320472717285 6.07634258270264 6.3266978263855 9.08928775787354 9.07112312316895 11.9584064483643 11.3973817825317 10.1324501037598 8.48826885223389 8.80656337738037 10.6852502822876 14.3506765365601 -99.9 -99.9 -99.9 -99.9 -99.9 -99.9 -99.9 -99.9 -99.9 -99.9
-99.9 -99.9 5.21010494232178 16.6888561248779 17.5692863464355 15.771918296814 16.8430557250977 18.7411499023438 16.9535446166992 16.2640075683594 15.7331590652466 13.8110866546631 12.6336860656738 12.9945812225342 12.6621809005737 12.2513885498047 11.6229696273804 11.8359613418579 12.0993270874023 11.6772174835205 11.0700120925903 10.4251861572266 10.5282316207886 9.93873977661133 9.41717052459717 9.63496589660645 9.41008186340332 9.57722854614258 9.59268760681152 9.66240310668945 10.2573900222778 9.699049949646 9.27518081665039 9.6028299331665 9.10752296447754 9.05815124511719 6.77167797088623 6.32296657562256 5.92089891433716 6.36752128601074 7.34035301208496 8.71945667266846 9.84889125823975 11.3973817825317 10.9694519042969 8.06427764892578 8.22638130187988 9.47020149230957 -99.9 -99.9 -99.9 -99.9 -99.9 -99.9 -99.9 -99.9 -99.9 -99.9 -99.9
-99.9 -99.9 8.55211353302002 18.2628898620605 20.4449462890625 17.1637115478516 18.3466682434082 16.8105621337891 15.6152772903442 14.6343622207642 13.0694923400879 12.5234231948853 12.9454164505005 12.3334465026855 12.2265739440918 12.2421379089355 11.7785196304321 11.3435716629028 11.3462505340576 10.7267913818359 10.4969100952148 10.5732660293579 10.8207988739014 10.2612247467041 10.1864500045776 10.5794773101807 10.5468912124634 10.4276027679443 10.6140508651733 10.6276731491089 10.6141376495361 10.2547454833984 9.74439716339111 9.42823600769043 9.78199005126953 9.05815124511719 7.17064762115479 6.29209661483765 5.92089891433716 6.35996246337891 7.08290958404541 8.36517810821533 10.0816774368286 9.66215705871582 10.0015020370483 7.81443214416504 8.18942356109619 6.70098638534546 7.03763771057129 -99.9 -99.9 -99.9 -99.9 -99.9 -99.9 -99.9 -99.9 -99.9 -99.9
-99.9 12.7562189102173 14.2272253036499 17.8784408569336 17.6149883270264 16.7103328704834 16.4444007873535 14.83118724823 14.4657258987427 13.8579158782959 12.9340877532959 12.4884643554688 13.3867349624634 13.0641555786133 12.578519821167 11.6380605697632 10.612904548645 9.85212707519531 9.46439170837402 10.0872573852539 10.5182800292969 10.9072971343994 11.1697206497192 11.4090270996094 11.111180305481 11.2591075897217 11.3109102249146 11.0190277099609 10.839301109314 10.6720066070557 10.4045076370239 9.97987842559814 9.99117088317871 9.32071399688721 9.2078275680542 8.47106456756592 7.00853204727173 6.37799692153931 6.39879703521729 6.22112703323364 6.79489850997925 8.09348011016846 8.93832683563232 11.2076425552368 10.0015020370483 8.75599384307861 7.72829103469849 6.19686317443848 7.39646339416504 -99.9 -99.9 -99.9 -99.9 -99.9 -99.9 -99.9 -99.9 -99.9 -99.9
-99.9 10.9571924209595 11.7499876022339 13.2383213043213 13.1782398223877 12.8037462234497 12.9145727157593 13.3014183044434 13.4397802352905 13.0647583007812 12.2654027938843 12.3240423202515 11.8522806167603 11.7940464019775 11.2675247192383 11.0311307907104 10.3125381469727 10.1500730514526 10.3085298538208 10.1417474746704 10.8635540008545 11.7551383972168 11.7804222106934 11.8759670257568 11.7806444168091 11.780294418335 11.7056188583374 11.5248403549194 11.0339851379395 10.6847743988037 10.4755907058716 10.0461988449097 9.34922027587891 8.71949195861816 8.56728172302246 7.93950128555298 7.03499412536621 6.93301963806152 6.40198993682861 6.21757698059082 6.60241031646729 8.09264755249023 9.08687973022461 11.3458757400513 10.7951316833496 10.7928705215454 8.67758941650391 5.8320107460022 5.9549560546875 6.60349321365356 -99.9 4.74294519424438 -99.9 -99.9 -99.9 -99.9 -99.9 -99.9 0.086032472550869
5.22113847732544 12.0792284011841 15.1036062240601 14.2163410186768 13.5431127548218 13.1702156066895 13.6431159973145 13.0074329376221 13.655234336853 13.227240562439 12.2077722549438 12.3745441436768 13.1265840530396 12.7290954589844 12.979510307312 12.2342681884766 12.4886837005615 12.700216293335 11.7060470581055 12.8426399230957 12.956995010376 12.6777067184448 12.4020977020264 12.0497217178345 12.0252237319946 11.9687814712524 11.2416954040527 11.0234327316284 10.5141506195068 10.141884803772 10.2879581451416 9.98404502868652 9.37753677368164 8.7125244140625 8.2739143371582 7.98838806152344 7.41805124282837 6.71827936172485 6.37091159820557 6.29235124588013 6.74554395675659 8.17331886291504 10.4967632293701 11.9848623275757 12.1275787353516 10.8571224212646 9.05368614196777 6.70115947723389 6.53390264511108 7.0719575881958 -99.9 -99.9 17.0918884277344 -99.9 -99.9 -99.9 -99.9 0.390981882810593 -99.9
14.0772294998169 16.2818298339844 15.2674741744995 13.7856512069702 13.3610591888428 13.0226068496704 13.1109962463379 13.869044303894 13.8176774978638 14.4255294799805 15.5882921218872 15.7953758239746 15.2557649612427 15.0950708389282 14.7612829208374 14.2783861160278 14.300853729248 13.9194898605347 13.8518981933594 13.5863656997681 13.5419120788574 13.2542791366577 12.6729154586792 12.3551378250122 12.1713409423828 11.8097324371338 11.5412511825562 11.1435127258301 10.6728029251099 10.3123865127563 9.85787677764893 9.37466716766357 8.79281806945801 8.37129402160645 8.18428230285645 7.89785051345825 7.26279544830322 6.76773071289062 6.43067741394043 6.42068576812744 7.19728517532349 8.72160148620605 11.2501039505005 12.0786638259888 12.3847970962524 11.1975831985474 7.6213550567627 6.89178323745728 6.03580093383789 7.52033710479736 7.83836364746094 -99.9 -99.9 -99.9 -99.9 -99.9 -99.9 -99.9 -99.9
37.4267349243164 22.1045036315918 17.7989883422852 16.4226360321045 15.1375827789307 14.0144653320312 13.9478158950806 14.3871583938599 13.4984016418457 13.8022699356079 15.0568256378174 15.6571254730225 15.1368236541748 14.6679258346558 14.0301446914673 13.8033561706543 14.2066278457642 14.034384727478 13.7999725341797 13.7074394226074 13.3538789749146 13.1739263534546 12.5890979766846 12.0056276321411 11.9518795013428 11.5104780197144 10.8475389480591 10.5529651641846 10.1448183059692 9.79464435577393 9.3510684967041 9.08594512939453 8.89144325256348 8.6246509552002 8.12923240661621 7.81470680236816 7.46399688720703 7.44462156295776 7.08902406692505 6.8059983253479 7.70727682113647 9.87229061126709 11.3754587173462 12.5329637527466 11.0145921707153 8.32309532165527 7.63742542266846 7.50097274780273 7.30475759506226 6.83796834945679 -99.9 -99.9 -99.9 -99.9 -99.9 -99.9 -99.9 -99.9 -99.9
29.2083206176758 22.8189105987549 19.8638439178467 18.4617156982422 16.6145820617676 15.4024219512939 15.5491533279419 15.2748031616211 14.0072345733643 14.5039720535278 14.8515748977661 14.3807344436646 14.2540884017944 14.1967086791992 13.7307252883911 13.3150024414062 13.3556432723999 13.4788703918457 13.6037073135376 13.461612701416 13.079400062561 12.6015481948853 11.5181436538696 11.1660718917847 10.7558240890503 10.3790197372437 10.4515256881714 10.2559614181519 9.78115367889404 9.55136489868164 9.24259471893311 8.73280239105225 8.45648956298828 8.10874271392822 7.83155870437622 7.68069982528687 7.81461763381958 7.47399473190308 7.29128932952881 7.79112434387207 9.82054996490479 12.0762643814087 12.558650970459 11.5957250595093 11.0880441665649 9.02200412750244 7.66153383255005 7.23884868621826 8.09022617340088 7.52948760986328 7.93728017807007 -99.9 -99.9 -99.9 -99.9 -99.9 -99.9 -99.9 -99.9
26.8031234741211 21.9055614471436 21.1447792053223 18.8786678314209 17.1389636993408 17.0327777862549 16.192211151123 15.8475008010864 14.9455509185791 14.9094314575195 15.0375909805298 14.7942895889282 15.1033792495728 15.6740598678589 14.8936061859131 14.6537208557129 14.3919744491577 14.3025541305542 13.9352083206177 13.4505701065063 13.0273694992065 12.4260549545288 11.9060115814209 10.841721534729 10.4594955444336 10.2883472442627 10.0006914138794 9.820631980896 8.96807098388672 8.97711086273193 8.94957542419434 8.7963924407959 8.37063312530518 8.09921741485596 7.87308788299561 8.00100326538086 8.29858303070068 8.63944911956787 8.68698596954346 10.4447336196899 12.1964721679688 12.3098592758179 12.4125185012817 9.93323040008545 8.85592365264893 8.6768217086792 8.81379890441895 7.24920654296875 7.848952293396 7.5008430480957 8.46541976928711 10.7160739898682 -99.9 -99.9 -99.9 -99.9 -99.9 -99.9 -99.9
