data/Strathclyde_European_Shelf_Data/TidalVelMean.asc
NCOLS 200
NROWS 150
XLLCORNER -16
YLLCORNER 44
CELLSIZE 0.125
NODATA_VALUE -99.9
[rows 26 to 51 of 150, columns 59 to 117 of 200]
-99.9 -99.9 -99.9 -99.9 -99.9 -99.9 -99.9 -99.9 -99.9 -99.9 -99.9 -99.9 -99.9 -99.9 -99.9 -99.9 22.7119369506836 25.851318359375 24.6084823608398 23.8976573944092 22.9689788818359 21.150484085083 18.4653091430664 18.066987991333 18.6010227203369 17.9861602783203 17.7398452758789 16.2245998382568 15.590386390686 16.8007297515869 19.1481800079346 20.535665512085 19.8618278503418 22.0846195220947 22.2185192108154 21.8479251861572 19.468469619751 17.422025680542 18.1993541717529 18.7135944366455 21.500316619873 28.8160438537598 35.9382247924805 39.7196273803711 49.6211128234863 80.2238922119141 65.2008743286133 47.0148735046387 50.9608612060547 83.5633087158203 89.375732421875 65.3643417358398 55.0667839050293 40.3904151916504 40.3893051147461 46.4490966796875 36.6957054138184 32.2479476928711 28.7249622344971
-99.9 -99.9 -99.9 -99.9 -99.9 -99.9 -99.9 -99.9 -99.9 -99.9 -99.9 -99.9 -99.9 -99.9 13.7849731445312 21.212215423584 25.1333293914795 24.9943218231201 24.769136428833 25.4839572906494 25.8299903869629 25.6315689086914 19.701868057251 19.7004203796387 19.0109443664551 18.5397529602051 18.7012386322021 17.6275596618652 17.811149597168 20.0548458099365 19.1389465332031 19.4781684875488 22.2303791046143 23.2184276580811 21.8576793670654 22.025936126709 19.9203586578369 17.4615020751953 17.4641742706299 19.4904956817627 26.1797313690186 21.1494121551514 27.3836784362793 26.857759475708 9.85000705718994 -99.9 19.0632247924805 23.1576919555664 41.055248260498 83.0425033569336 58.017204284668 59.4079093933105 45.4739303588867 38.5208778381348 42.369441986084 41.029483795166 33.875358581543 28.4867496490479 25.8882236480713
-99.9 -99.9 -99.9 -99.9 -99.9 -99.9 -99.9 -99.9 -99.9 -99.9 14.7924003601074 14.3818073272705 15.3276901245117 16.0787754058838 20.8447856903076 24.3835334777832 23.4396209716797 22.1722011566162 21.8277587890625 26.9949932098389 20.4907302856445 19.3446350097656 24.6163654327393 20.5354480743408 20.3844738006592 18.3104362487793 18.1733016967773 22.2855815887451 22.8565368652344 21.736837387085 19.4248695373535 19.6279029846191 24.2993240356445 23.7063694000244 25.7179393768311 22.9109554290771 19.6310729980469 17.9025421142578 16.5027675628662 22.7813816070557 25.4684429168701 25.6799983978271 24.9463195800781 22.4546890258789 -99.9 80.6533508300781 -99.9 -99.9 28.2834911346436 32.7071228027344 39.0318450927734 36.291431427002 37.2524375915527 37.8379058837891 37.2038040161133 33.5029640197754 28.958288192749 26.5605278015137 24.956859588623
-99.9 -99.9 -99.9 -99.9 -99.9 -99.9 -99.9 -99.9 -99.9 19.0225200653076 18.5145473480225 16.3372535705566 14.7511472702026 15.9238653182983 17.8653297424316 20.4442405700684 22.5372924804688 24.6688899993896 27.3790702819824 34.7969017028809 18.7576942443848 18.2873249053955 22.6007232666016 21.1239471435547 21.2852020263672 19.2481784820557 19.8904609680176 24.9832744598389 25.2793254852295 28.2005863189697 21.9698791503906 21.4604148864746 24.2871284484863 27.2021007537842 28.4201393127441 24.9329948425293 20.4345207214355 17.9916725158691 16.0469818115234 19.6144409179688 20.1282329559326 15.6002445220947 -99.9 -99.9 -99.9 37.0183982849121 -99.9 99.7126617431641 36.2539939880371 30.4629173278809 30.003604888916 32.7054443359375 34.50341796875 33.8649711608887 31.5827522277832 28.0566577911377 24.9086055755615 24.6802959442139 22.5759983062744
-99.9 -99.9 -99.9 -99.9 -99.9 -99.9 -99.9 -99.9 27.8238067626953 27.5482978820801 23.9642429351807 17.1598415374756 14.6038255691528 16.271614074707 19.2789287567139 24.3004570007324 25.8610496520996 27.9712753295898 21.5498790740967 20.6215705871582 20.8168334960938 19.8267269134521 21.4344787597656 21.5608081817627 24.0631198883057 23.7299995422363 22.0350284576416 24.4023246765137 25.4587306976318 31.677619934082 26.4080810546875 23.4838218688965 27.2031707763672 25.4375476837158 25.5417766571045 28.1297645568848 26.0030269622803 23.4615497589111 18.6332244873047 22.9575614929199 24.609260559082 14.4550266265869 -99.9 -99.9 -99.9 -99.9 -99.9 41.5128707885742 33.3333892822266 27.1297454833984 26.1707973480225 26.9796543121338 26.9317512512207 25.7259788513184 24.6328392028809 23.7461051940918 22.521577835083 21.1086730957031 20.3843975067139
-99.9 -99.9 -99.9 -99.9 -99.9 -99.9 -99.9 21.293025970459 29.9729442596436 25.4565525054932 22.0656318664551 19.3994464874268 17.612663269043 17.0928325653076 17.6186943054199 21.2812213897705 26.440128326416 22.284351348877 20.8224620819092 22.4370098114014 21.7247352600098 20.9239883422852 21.1617908477783 23.0771007537842 24.6300373077393 25.5473327636719 26.0682125091553 28.1663360595703 27.4091033935547 31.6709041595459 30.4297122955322 29.4847240447998 30.0724182128906 30.519380569458 30.967960357666 28.3814277648926 26.9346466064453 25.6114692687988 27.2983131408691 33.5152053833008 45.8463935852051 63.3176422119141 -99.9 -99.9 23.0460624694824 -99.9 23.2031383514404 23.9023342132568 24.4449462890625 24.6006183624268 24.9087982177734 24.1926574707031 24.337869644165 23.8871746063232 23.085262298584 22.2133445739746 21.2553291320801 19.9574108123779 19.9169178009033
-99.9 -99.9 -99.9 14.5985803604126 16.0383377075195 16.4651184082031 20.2264804840088 23.4000549316406 25.524845123291 23.1123752593994 21.0607986450195 19.3807106018066 19.877233505249 19.6661758422852 18.6486949920654 19.9936923980713 22.6512622833252 24.4216499328613 27.9388408660889 25.1846523284912 25.0015144348145 22.7322101593018 22.4131183624268 22.255350112915 23.8839111328125 26.7122249603271 30.689754486084 37.4743270874023 40.5208396911621 38.8463287353516 34.1095733642578 33.6817932128906 34.0377235412598 32.4029121398926 29.015438079834 28.8146286010742 30.0647869110107 29.4528141021729 32.2619018554688 39.8466110229492 50.973217010498 78.9060287475586 84.5126571655273 91.1147384643555 123.30704498291 142.323913574219 63.1340065002441 32.9970092773438 28.4688243865967 26.4358997344971 25.3875007629395 25.3738307952881 23.5906429290771 22.3446369171143 21.9537620544434 21.1620178222656 20.0030212402344 19.488733291626 18.6839561462402
14.0568246841431 13.4025945663452 14.7047033309937 16.5644378662109 17.468729019165 19.1610851287842 22.3800716400146 22.2192649841309 21.9258251190186 20.6893100738525 20.2331352233887 20.6832942962646 21.4639415740967 22.9283599853516 21.4613075256348 22.2064323425293 24.66872215271 28.161958694458 45.8618049621582 39.5900039672852 27.1535091400146 23.919002532959 22.2162551879883 21.8398056030273 23.0792427062988 25.8133964538574 30.9602870941162 34.1693496704102 -99.9 -99.9 -99.9 -99.9 -99.9 -99.9 18.7150707244873 -99.9 -99.9 -99.9 -99.9 -99.9 -99.9 -99.9 -99.9 -99.9 45.4871368408203 56.9461250305176 69.4248504638672 44.7633476257324 28.999382019043 24.1824245452881 23.3751125335693 22.6866588592529 21.4629898071289 20.3241882324219 19.5657348632812 18.9046859741211 18.5746383666992 18.4365978240967 18.5161685943604
13.1321601867676 13.9059734344482 15.0759019851685 18.6047172546387 19.8424873352051 20.1677474975586 20.5330333709717 19.5353813171387 17.13694190979 21.852222442627 16.6963539123535 18.7477149963379 19.9056739807129 21.4382076263428 20.6594867706299 18.5157165527344 19.6344985961914 -99.9 -99.9 -99.9 25.5674152374268 20.7845802307129 20.0018615722656 20.7338371276855 20.7580337524414 19.6997299194336 22.8813056945801 19.5941276550293 -99.9 -99.9 -99.9 -99.9 -99.9 -99.9 -99.9 -99.9 -99.9 -99.9 -99.9 -99.9 -99.9 -99.9 -99.9 -99.9 40.9702796936035 39.4477119445801 35.7384605407715 32.2976379394531 28.19651222229 25.4482612609863 21.8265380859375 20.6611499786377 20.2986907958984 19.104621887207 18.7533512115479 18.8872852325439 18.5360202789307 18.5533027648926 18.6970901489258
16.2923717498779 18.5427093505859 19.6012496948242 19.3622531890869 19.4666233062744 19.3934860229492 19.4390296936035 25.4940967559814 26.3236293792725 22.1424026489258 15.631516456604 20.2052211761475 21.3452014923096 20.3630046844482 13.0608930587769 -99.9 -99.9 -99.9 -99.9 -99.9 18.2564487457275 17.9996852874756 18.6514911651611 18.8574771881104 19.9830684661865 21.0140438079834 9.90175628662109 -99.9 -99.9 -99.9 -99.9 -99.9 -99.9 -99.9 -99.9 -99.9 -99.9 -99.9 -99.9 -99.9 -99.9 -99.9 -99.9 -99.9 29.6524925231934 27.291540145874 26.1146659851074 25.5276298522949 24.8789539337158 23.1274604797363 22.2011890411377 20.5517063140869 19.2134304046631 19.4389514923096 18.8309288024902 18.3076820373535 19.0638771057129 20.5489330291748 21.6703662872314
16.0556144714355 15.7889165878296 15.4613752365112 14.7901811599731 15.7125234603882 17.2996807098389 16.7790699005127 19.4273662567139 23.5103034973145 16.4424743652344 16.6303310394287 26.501335144043 -99.9 -99.9 -99.9 -99.9 -99.9 -99.9 9.24628639221191 17.8337249755859 18.3967342376709 16.5244903564453 17.0645713806152 16.7978477478027 16.2894611358643 13.4927616119385 -99.9 -99.9 -99.9 -99.9 -99.9 -99.9 -99.9 -99.9 -99.9 -99.9 -99.9 -99.9 -99.9 -99.9 -99.9 15.4006013870239 17.5029964447021 20.4129962921143 21.1938571929932 22.9730434417725 22.3728656768799 21.3088455200195 20.8854236602783 20.4997615814209 19.1062793731689 18.8733901977539 19.3568820953369 19.8915328979492 20.3319644927979 20.1976718902588 20.1033954620361 20.1380729675293 20.4979267120361
14.94362449646 14.0310020446777 13.4927501678467 15.1129522323608 17.7072601318359 16.1958503723145 16.8544578552246 14.8462257385254 14.2663278579712 14.4655342102051 17.8756542205811 16.618968963623 -99.9 -99.9 -99.9 -99.9 -99.9 -99.9 11.3338832855225 13.2107830047607 17.0769844055176 15.2405014038086 14.4059371948242 14.3573160171509 15.9077920913696 -99.9 -99.9 -99.9 -99.9 -99.9 -99.9 -99.9 -99.9 -99.9 -99.9 -99.9 -99.9 -99.9 -99.9 -99.9 13.6070737838745 13.6014928817749 14.2035875320435 14.8214120864868 15.3702421188354 15.4497194290161 16.4890003204346 15.9468269348145 16.3070125579834 16.7195377349854 18.135196685791 19.5632610321045 20.1684188842773 19.2956447601318 21.467887878418 23.2719879150391 24.451868057251 24.8372364044189 23.6338062286377
19.2283153533936 15.3747663497925 14.0759401321411 20.607292175293 20.9857444763184 17.5856990814209 14.3668661117554 12.9002208709717 15.3596839904785 19.8489151000977 19.1748142242432 18.3612003326416 -99.9 -99.9 -99.9 -99.9 -99.9 58.2067756652832 22.4072723388672 16.9585666656494 16.5555782318115 17.4994850158691 24.7898216247559 17.1588745117188 13.3832178115845 6.49783849716187 -99.9 -99.9 -99.9 -99.9 -99.9 -99.9 -99.9 -99.9 -99.9 -99.9 -99.9 -99.9 8.67745304107666 9.60046577453613 10.1596879959106 10.8811025619507 11.9287366867065 12.4510927200317 12.5034980773926 13.005256652832 13.3854866027832 14.1442565917969 15.7990169525146 16.7990760803223 17.1972789764404 18.0349521636963 20.0111980438232 22.1403198242188 22.5228271484375 24.5869750976562 24.2727394104004 23.3329391479492 25.0758056640625
-99.9 20.0485591888428 17.5514831542969 17.8966045379639 17.2586097717285 20.8912677764893 12.8009338378906 15.6252298355103 14.6099033355713 15.9433155059814 16.9083843231201 32.2527809143066 -99.9 -99.9 -99.9 32.8568382263184 48.2462425231934 46.523323059082 36.8231201171875 22.3583831787109 16.611026763916 15.6015357971191 -99.9 -99.9 -99.9 -99.9 -99.9 -99.9 -99.9 -99.9 -99.9 -99.9 -99.9 -99.9 -99.9 -99.9 -99.9 -99.9 -99.9 15.1012144088745 12.5378122329712 11.2141008377075 11.8468027114868 12.6261720657349 12.4504661560059 13.8363056182861 14.3586902618408 14.9888744354248 15.4812040328979 15.4483966827393 16.8680553436279 18.754243850708 23.6696033477783 27.1461315155029 31.1778182983398 39.9786033630371 36.2493553161621 31.7711582183838 28.6117286682129
16.3881053924561 17.7261962890625 19.2796611785889 15.9255132675171 16.1251468658447 18.8081817626953 22.2300281524658 27.0925903320312 22.9445838928223 14.531608581543 -99.9 -99.9 24.0985221862793 24.5729160308838 23.4027004241943 31.8243103027344 29.6952934265137 28.1066913604736 -99.9 16.3968067169189 15.7306976318359 9.93257522583008 10.0577173233032 -99.9 -99.9 -99.9 -99.9 -99.9 -99.9 -99.9 -99.9 -99.9 -99.9 -99.9 -99.9 -99.9 -99.9 -99.9 13.3436670303345 15.1155309677124 10.0536823272705 -99.9 -99.9 -99.9 -99.9 -99.9 -99.9 -99.9 -99.9 -99.9 -99.9 -99.9 -99.9 50.7533378601074 53.8539161682129 48.2721252441406 37.7008857727051 33.9754676818848 31.4660205841064
12.1062269210815 14.377420425415 14.7684278488159 15.864426612854 18.6521186828613 18.2436218261719 20.1423969268799 20.5147113800049 21.2314357757568 -99.9 -99.9 -99.9 18.598461151123 32.1047592163086 27.4771614074707 22.5563488006592 -99.9 3.13611078262329 -99.9 -99.9 8.75309085845947 13.3027896881104 -99.9 -99.9 -99.9 -99.9 -99.9 -99.9 -99.9 -99.9 -99.9 -99.9 -99.9 -99.9 -99.9 -99.9 -99.9 -99.9 -99.9 -99.9 -99.9 -99.9 -99.9 -99.9 -99.9 -99.9 -99.9 -99.9 -99.9 -99.9 -99.9 -99.9 -99.9 -99.9 -99.9 50.4953422546387 43.038330078125 39.4757499694824 34.0096092224121
14.1792469024658 15.9972896575928 17.0399036407471 15.7864875793457 13.8471870422363 12.3173360824585 13.363395690918 13.6666460037231 17.1188220977783 17.3403205871582 -99.9 15.0433931350708 20.6294631958008 30.0523242950439 49.0134468078613 -99.9 -99.9 -99.9 -99.9 -99.9 -99.9 7.51550674438477 -99.9 -99.9 -99.9 -99.9 -99.9 -99.9 -99.9 -99.9 -99.9 -99.9 -99.9 -99.9 -99.9 -99.9 -99.9 -99.9 -99.9 -99.9 -99.9 -99.9 -99.9 -99.9 -99.9 -99.9 -99.9 -99.9 -99.9 -99.9 -99.9 -99.9 -99.9 -99.9 -99.9 44.8960800170898 41.4221305847168 35.864315032959 33.1090888977051
16.2500324249268 16.1914482116699 14.2252235412598 14.2736663818359 12.5779142379761 11.7052879333496 11.9009675979614 14.640570640564 13.7448568344116 8.51616668701172 -99.9 25.8219394683838 22.204252243042 26.3467082977295 28.1792182922363 17.2583065032959 10.054612159729 -99.9 -99.9 -99.9 -99.9 -99.9 -99.9 -99.9 -99.9 -99.9 -99.9 -99.9 -99.9 -99.9 -99.9 -99.9 -99.9 -99.9 -99.9 -99.9 -99.9 -99.9 -99.9 -99.9 -99.9 -99.9 -99.9 -99.9 -99.9 -99.9 -99.9 -99.9 -99.9 -99.9 -99.9 -99.9 -99.9 32.5704612731934 38.5633697509766 37.8016891479492 35.9035911560059 34.6860046386719 33.0567665100098
15.626443862915 14.3740921020508 14.1615324020386 13.3699398040771 13.3809690475464 13.265191078186 14.5923490524292 14.7539663314819 14.8260526657104 14.33762550354 -99.9 19.3447551727295 21.009635925293 18.557767868042 17.1662521362305 15.3738107681274 19.1106986999512 15.1697368621826 -99.9 -99.9 -99.9 -99.9 -99.9 -99.9 -99.9 -99.9 -99.9 -99.9 -99.9 -99.9 -99.9 -99.9 -99.9 -99.9 -99.9 -99.9 -99.9 -99.9 -99.9 -99.9 -99.9 -99.9 -99.9 -99.9 -99.9 -99.9 -99.9 -99.9 -99.9 -99.9 -99.9 -99.9 -99.9 35.3841438293457 39.2633476257324 38.4734039306641 37.9638061523438 35.7104110717773 34.0443115234375
16.1021995544434 14.7313556671143 14.0309925079346 13.9825305938721 13.3855628967285 13.0234384536743 14.5152435302734 16.3016319274902 18.7267246246338 -99.9 -99.9 18.4827365875244 19.7579765319824 20.332950592041 22.0179557800293 20.9127006530762 -99.9 19.8616695404053 -99.9 10.5145606994629 17.4633140563965 -99.9 -99.9 -99.9 -99.9 -99.9 -99.9 -99.9 -99.9 -99.9 -99.9 -99.9 -99.9 -99.9 -99.9 -99.9 -99.9 -99.9 -99.9 -99.9 -99.9 -99.9 -99.9 -99.9 -99.9 -99.9 -99.9 -99.9 -99.9 -99.9 -99.9 -99.9 37.8045463562012 34.4422988891602 32.734733581543 29.9856491088867 29.9456672668457 30.2493724822998 29.6181793212891
17.2465858459473 15.630542755127 14.9076910018921 15.9782991409302 16.9075298309326 19.1279487609863 22.1988620758057 27.4291706085205 -99.9 -99.9 26.720495223999 24.4171352386475 20.2884654998779 22.0605449676514 25.3909072875977 22.8960819244385 14.8234958648682 13.8646430969238 -99.9 -99.9 11.9042291641235 12.8812055587769 -99.9 -99.9 -99.9 -99.9 -99.9 -99.9 -99.9 -99.9 -99.9 -99.9 -99.9 -99.9 -99.9 -99.9 -99.9 -99.9 -99.9 -99.9 -99.9 -99.9 -99.9 -99.9 -99.9 -99.9 -99.9 -99.9 -99.9 -99.9 -99.9 -99.9 32.3778648376465 30.6507244110107 32.1135635375977 32.2966003417969 33.0124320983887 32.9204444885254 30.7826881408691
18.7531089782715 16.6654205322266 15.5508251190186 16.789758682251 18.2047080993652 21.5355911254883 35.5868034362793 54.0058517456055 47.5045013427734 28.2177677154541 19.9914722442627 20.0481033325195 24.5224914550781 17.6878509521484 15.3317985534668 14.3280305862427 11.4087266921997 17.1589469909668 22.7249565124512 25.1896934509277 16.2346954345703 6.95654726028442 -99.9 -99.9 -99.9 -99.9 -99.9 -99.9 -99.9 -99.9 -99.9 -99.9 -99.9 -99.9 -99.9 -99.9 -99.9 -99.9 -99.9 -99.9 -99.9 -99.9 -99.9 -99.9 -99.9 -99.9 -99.9 -99.9 -99.9 -99.9 -99.9 34.955883026123 36.7761993408203 36.2014579772949 34.3286399841309 32.9660453796387 31.1467838287354 31.1522369384766 30.0502529144287
19.0878219604492 16.9307689666748 15.9820642471313 17.833402633667 20.1966171264648 26.0102424621582 35.8176651000977 55.4442100524902 23.7046356201172 21.467601776123 25.326379776001 21.7023181915283 18.4997081756592 19.7787132263184 17.0301551818848 14.8664560317993 11.5368013381958 28.4700393676758 28.4703388214111 -99.9 -99.9 -99.9 -99.9 -99.9 -99.9 -99.9 -99.9 -99.9 -99.9 -99.9 -99.9 -99.9 -99.9 -99.9 -99.9 -99.9 -99.9 -99.9 -99.9 -99.9 -99.9 -99.9 -99.9 -99.9 -99.9 -99.9 -99.9 -99.9 -99.9 -99.9 29.8522529602051 32.461067199707 34.8969841003418 38.2549629211426 34.8634338378906 31.8392696380615 30.4964027404785 28.3618183135986 26.8323421478271
16.4334487915039 15.3102035522461 16.0179576873779 19.1948947906494 23.639139175415 27.124044418335 29.9769248962402 21.9728832244873 20.3271522521973 20.9745903015137 21.6168613433838 23.8699150085449 25.4126377105713 19.8625411987305 13.5572853088379 -99.9 31.1861343383789 28.3385639190674 -99.9 -99.9 -99.9 -99.9 -99.9 -99.9 -99.9 -99.9 -99.9 -99.9 -99.9 -99.9 -99.9 -99.9 -99.9 -99.9 -99.9 -99.9 -99.9 -99.9 -99.9 -99.9 -99.9 -99.9 -99.9 -99.9 -99.9 -99.9 -99.9 -99.9 -99.9 36.3161926269531 33.0361022949219 30.8673610687256 31.8667430877686 33.0546875 30.3210983276367 29.6351261138916 28.6530628204346 27.9309711456299 27.3112182617188
16.2536182403564 15.2956562042236 17.9445877075195 20.1732444763184 19.1928195953369 14.8172626495361 14.7781829833984 16.7511672973633 21.7074089050293 24.9882755279541 25.3542938232422 29.3779258728027 29.7946510314941 13.2350444793701 22.152307510376 22.7047004699707 18.7906684875488 17.7889823913574 11.5253438949585 -99.9 -99.9 -99.9 -99.9 -99.9 -99.9 -99.9 -99.9 -99.9 -99.9 -99.9 -99.9 -99.9 -99.9 -99.9 -99.9 -99.9 -99.9 -99.9 -99.9 -99.9 -99.9 -99.9 -99.9 -99.9 -99.9 -99.9 -99.9 25.9817390441895 24.0959243774414 26.7860565185547 29.0509815216064 29.9637012481689 28.254430770874 28.1279010772705 28.5644588470459 29.2721824645996 28.1983184814453 27.2562370300293 26.8793144226074
16.332986831665 16.3845901489258 17.993350982666 19.3078727722168 17.4420166015625 16.2608966827393 19.5670013427734 11.418683052063 16.5275135040283 25.4823684692383 30.4006576538086 35.1851387023926 27.9395713806152 23.6232604980469 22.826452255249 31.0709552764893 40.1792526245117 -99.9 -99.9 -99.9 -99.9 -99.9 -99.9 -99.9 -99.9 -99.9 -99.9 -99.9 -99.9 -99.9 -99.9 -99.9 -99.9 -99.9 -99.9 -99.9 -99.9 -99.9 -99.9 -99.9 -99.9 -99.9 -99.9 -99.9 -99.9 -99.9 -99.9 -99.9 23.5787601470947 24.9028053283691 25.0209350585938 26.0028667449951 25.5378093719482 26.6556510925293 25.9960842132568 26.153751373291 26.3139820098877 26.1516132354736 26.045783996582
